0 -2435
-1 129
-2 125
-4 139
-6 139
-8 138
-8 126
-10 127
-11 123
-13 131
-14 118
-17 129
-16 114
-16 108
-17 105
-24 133
-19 99
-22 110
-21 101
-25 110
-30 125
-22 88
-30 112
-28 103
-34 118
-36 118
-33 105
-35 106
-37 108
-42 116
-36 98
-41 105
-42 106
-40 96
-40 92
-43 97
-44 96
-49 103
-46 93
-37 73
-51 97
-46 86
-56 101
-52 91
-56 95
-53 86
-60 96
-69 107
-67 101
-69 101
-56 80
-54 75
-58 78
-64 85
-59 76
-68 85
-60 73
-75 89
-98 113
-64 72
-85 93
-85 91
-174 182
-130 133
-15 14
-47 44
-45 41
-51 46
-57 50
-67 58
-57 48
-70 58
-73 59
-66 51
-104 80
-67 50
-113 82
-51 35
-72 50
-64 42
-67 43
-65 41
-66 41
-80 48
-74 43
-73 41
-82 45
-85 45
-79 41
-79 40
-73 36
-92 44
-72 33
-89 40
-87 38
-90 38
-84 34
-82 32
-88 33
-82 30
-86 30
-87 30
-89 29
-89 28
-104 31
-107 31
-94 26
-87 23
-106 27
-103 24
-101 23
-115 24
-106 21
-122 23
-106 19
-129 21
-104 16
-129 18
-120 15
-109 13
-122 12
-114 10
-123 10
-121 8
-124 7
-124 5
-130 4
-142 2
-126 1
-126 0
-136 -2
-137 -4
-139 -5
-152 -8
-143 -9
-163 -13
-152 -14
-164 -17
-155 -18
-170 -22
-168 -24
-175 -27
-159 -27
-176 -32
-170 -33
-177 -37
-231 -51
-155 -36
-189 -47
-210 -55
-245 -67
-187 -54
-126 -38
-206 -65
-248 -82
-89 -30
-174 -62
-201 -75
-211 -82
-217 -87
-231 -96
-263 -113
-283 -126
-327 -150
-441 -209
112 54
-159 -81
-225 -117
-256 -137
-259 -143
-305 -173
-324 -189
-349 -210
-375 -232
-423 -269
-462 -302
-551 -369
-658 -452
-910 -642
-1633 -1182
2254 1670
-311 -238
1661 1295
270 214
32 25
-120 -102
-237 -205
-342 -304
-442 -402
-568 -529
-830 -791
-1263 -1234
-2579 -2580
3819 3913
6145 6453
1479 1591
723 797
130 146
2437 2824
758 901
522 635
401 501
320 410
246 324
168 227
92 128
-94 -133
827 1206
952 1425
1076 1655
383 606
277 451
209 351
132 228
603 1065
228 417
185 347
147 285
109 219
360 740
154 329
126 278
109 249
86 203
318 771
125 315
102 268
92 252
83 236
80 237
71 219
70 224
63 212
56 198
49 184
77 295
59 240
44 190
41 189
37 180
37 190
34 187
28 166
25 161
25 176
20 157
21 176
18 167
14 153
12 148
10 152
9 156
6 140
5 153
3 151
1 128
