     0  -2435
   -32     98
   -22    105
   -36    108
   -12    134
   -17    130
   -25    112
   -11    126
   -12    119
   -16    132
   -15    115
   -20    129
   -25    106
   -25     99
   -21    102
   -29    125
   -19    101
   -21    114
   -28     98
   -23    109
   -31    124
   -25     81
   -29    116
   -31     99
   -39    113
   -38    112
   -38     94
   -45     99
   -39    107
   -42    105
   -43     92
   -47     98
   -43    104
   -36     94
   -37     91
   -48     90
   -49     92
   -50    102
   -44     93
   -35     71
   -51     96
   -49     82
   -51    103
   -50     92
   -56     95
   -55     84
   -56     93
   -70    106
   -69     99
   -71    102
   -57     75
   -54     73
   -63     72
   -69     83
   -61     72
   -74     83
   -60     71
   -78     86
  -100    107
   -63     69
   -86     91
   -83     88
  -169    184
  -130    124
   -15     14
   -50     40
   -42     45
   -46     46
   -57     51
   -69     52
   -55     52
   -67     56
   -73     60
   -65     55
  -103     79
   -67     50
  -112     81
   -52     34
   -69     48
   -64     42
   -67     43
   -68     39
   -59     47
   -80     50
   -75     44
   -70     44
   -85     40
   -82     44
   -81     41
   -75     43
   -72     36
   -87     45
   -71     33
   -91     44
   -83     42
   -90     39
   -85     32
   -82     32
   -86     31
   -82     28
   -88     30
   -90     32
   -92     30
   -84     27
  -103     32
  -100     29
   -91     25
   -84     23
  -109     24
  -107     20
  -101     17
  -115     23
  -107     21
  -126     19
  -106     18
  -130     17
  -101     18
  -130     18
  -114     19
  -107     12
  -121     11
  -112      5
  -126     -4
  -120      4
  -123      4
  -124      5
  -132     -2
  -144     -2
  -126      1
  -120     -2
  -132     -1
  -132      0
  -140     -8
  -153     -6
  -145    -12
  -161    -16
  -152    -15
  -160    -18
  -153    -19
  -168    -21
  -169    -24
  -171    -29
  -157    -26
  -171    -31
  -173    -37
  -181    -40
  -228    -52
  -157    -39
  -191    -52
  -205    -57
  -249    -76
  -187    -51
  -125    -37
  -200    -60
  -244    -76
   -85    -29
  -173    -63
  -202    -77
  -211    -80
  -221    -90
  -229    -96
  -258   -110
  -287   -135
  -322   -150
  -441   -210
   114     56
  -158    -87
  -219   -117
  -253   -138
  -249   -144
  -305   -177
  -328   -196
  -344   -209
  -373   -232
  -418   -263
  -456   -302
  -547   -367
  -653   -450
  -907   -649
 -1614  -1167
  2227   1650
  -311   -237
  1643   1282
   260    207
    34     25
  -126   -108
  -236   -205
  -337   -295
  -436   -397
  -565   -528
  -821   -782
 -1248  -1218
 -2579  -2580
  3798   3892
  6108   6415
  1474   1586
   721    795
   135    148
  2421   2808
   747    890
   517    632
   393    491
   327    413
   243    318
   166    225
    92    124
   -93   -136
   824   1192
   947   1417
  1062   1639
   379    603
   272    440
   213    352
   136    224
   595   1052
   220    412
   185    347
   145    281
   110    214
   361    733
   155    327
   123    264
   109    246
    86    205
   317    766
   124    312
   106    269
    88    248
    84    232
    80    232
    74    216
    72    225
    65    212
    48    195
    57    187
    76    289
    59    234
    45    178
    37    179
    37    171
    39    191
    38    185
    26    164
    34    169
    17    172
    18    156
    20    171
    13    162
    15    153
    12    143
     4    144
    10    156
     9    142
     4    151
     4    150
    10    140
