0 127
127 -4
11 -127
-95 -23
-12 70
64 0
7 -66
-45 -16
-5 30
35 -3
12 -45
-34 -30
-27 28
41 26
44 -58
-53 -66
-63 52
65 63
74 -80
-66 -84
-65 53
55 48
48 -62
-45 -51
-32 31
35 16
17 -43
-28 -20
-5 18
26 -6
8 -38
-27 -27
-28 18
27 32
52 -38
-27 -74
-69 18
27 64
71 -38
-26 -81
-65 16
24 52
54 -36
-27 -59
-40 22
36 27
35 -53
-42 -52
-48 30
29 48
63 -26
-1 -80
-69 -20
-15 62
70 7
16 -81
-66 -25
-14 57
64 6
19 -76
-62 -31
-21 49
51 10
18 -57
-41 -29
-19 30
37 13
27 -46
-31 -44
-37 20
29 32
43 -42
-33 -54
-41 25
33 30
36 -40
-23 -44
-28 10
16 14
18 -26
-15 -23
-7 4
11 -6
4 -18
-3 -16
-10 -10
-2 4
18 -8
-1 -34
-27 -6
9 22
34 -23
-17 -45
-30 11
25 16
22 -42
-36 -32
-22 31
40 13
22 -48
-29 -28
-10 9
9 -8
-3 -11
4 -5
2 -16
-6 -4
17 -4
7 -39
-38 -21
-14 36
48 7
16 -61
-49 -25
-10 39
45 -5
1 -52
-32 -7
7 12
10 -20
-11 -8
12 1
8 -30
-23 -12
5 16
25 -22
-17 -35
-22 11
22 11
17 -35
-25 -22
-5 16
23 -12
-8 -30
-12 1
11 -8
-10 -20
-7 12
32 -7
-1 -52
-45 -5
10 39
49 -25
-16 -61
-48 7
14 36
38 -21
-7 -39
-17 -4
6 -4
-2 -16
-4 -5
3 -11
-9 -8
10 9
29 -28
-22 -48
-40 13
22 31
36 -32
-22 -42
-25 16
30 11
17 -45
-34 -23
-9 22
27 -6
1 -34
-18 -8
2 4
10 -10
3 -16
-4 -18
-11 -6
7 4
15 -23
-18 -26
-16 14
28 10
23 -44
-36 -40
-33 30
41 25
33 -54
-43 -42
-29 32
37 20
31 -44
-27 -46
-37 13
19 30
41 -29
-18 -57
-51 10
21 49
62 -31
-19 -76
-64 6
14 57
66 -25
-16 -81
-70 7
15 62
69 -20
1 -80
-63 -26
-29 48
48 30
42 -52
-35 -53
-36 27
40 22
27 -59
-54 -36
-24 52
65 16
26 -81
-71 -38
-27 64
69 18
27 -74
-52 -38
-27 32
28 18
27 -27
-8 -38
-26 -6
5 18
28 -20
-17 -43
-35 16
32 31
45 -51
-48 -62
-55 48
65 53
66 -84
-74 -80
-65 63
63 52
53 -66
-44 -58
-41 26
27 28
34 -30
-12 -45
-35 -3
5 30
45 -16
-7 -66
-64 0
12 70
95 -23
-11 -127
-127 -4
0 127
