  -122      0
   -14    -51
   -21    -42
   -40    -23
    13    -14
     4    -23
    -5    -21
     2    -23
    -4    -19
     2    -46
    -5    -29
    -6    -37
     0    -47
    -1    -13
     0    -29
    -4    -23
    11    -47
     6    -31
    11    -35
     7    -49
    22    -73
    12    -33
    14    -46
    20    -58
    29   -110
    20    -40
    21    -60
    26    -64
    22    -75
    35    -87
    33    -81
    37    -91
    29    -68
    41    -96
    62   -140
    70   -147
   299   -625
     8    -22
    33    -73
    69   -118
    89   -161
   315   -550
    44    -85
   335   -575
    -4     27
    28    -48
    43    -70
    77   -129
    85   -124
   126   -163
   137   -188
   215   -286
   831  -1128
   -66     85
    58    -76
   121   -143
   169   -211
   239   -293
   327   -376
   549   -617
  1914  -2127
  1417  -1549
   969  -1056
  -859    870
  -450    434
  -283    268
  -209    194
  -141    130
   -76     59
   -29     24
    49    -41
   164   -133
   396   -319
  2122  -1690
  -970    752
  -454    335
  -276    209
   -99     59
   539   -386
  -565    382
  -345    231
  -249    164
  -227    149
  -206    118
  -142     85
   -87     56
   222   -130
  -363    197
  -211    106
  -137     65
    83    -36
  -330    152
  -237    106
  -175     71
  -116     54
     0     -6
  -208     83
    52    -13
  -342    134
  -241     90
  -224     84
  -189     69
  -180     54
  -121     32
  -218     68
  -182     43
  -170     53
  -163     41
  -156     37
  -180     40
  -151     28
  -152     30
  -173     36
  -141     26
  -155     26
  -155     24
  -152     23
  -145     18
  -150     14
  -151     23
  -144     20
  -144     16
  -152      9
  -141      5
  -137     10
  -139     11
  -145      6
  -145      8
  -150      0
  -148     -7
  -145     -6
  -140     -9
  -137    -10
  -140     -5
  -153     -9
  -144    -13
  -144    -19
  -150    -22
  -151    -13
  -142    -17
  -152    -23
  -153    -25
  -156    -27
  -140    -25
  -173    -35
  -154    -29
  -151    -25
  -183    -41
  -156    -35
  -164    -39
  -176    -52
  -184    -44
  -219    -66
  -120    -30
  -177    -54
  -190    -68
  -224    -83
  -241    -87
  -341   -133
    51     17
  -207    -82
    -3      6
  -118    -52
  -176    -71
  -237   -103
  -330   -150
    85     41
  -141    -64
  -209   -105
  -363   -194
   224    135
   -87    -53
  -142    -83
  -208   -116
  -227   -148
  -249   -161
  -345   -230
  -562   -385
   541    384
   -99    -60
  -275   -208
  -452   -335
  -974   -752
  2123   1691
   395    321
   165    139
    49     40
   -27    -21
   -76    -59
  -141   -127
  -207   -196
  -287   -266
  -450   -434
  -859   -870
   971   1054
  1421   1546
  1916   2125
   549    612
   329    375
   242    293
   172    209
   122    142
    62     78
   -62    -85
   836   1125
   217    279
   141    186
   129    158
    87    123
    77    124
    47     67
    30     44
    -4    -29
   335    576
    44     80
   311    549
    89    158
    65    121
    33     74
     6     24
   299    624
    73    147
    64    140
    40     96
    30     67
    38     91
    34     82
    39     84
    22     76
    23     63
    18     58
    17     42
    30    114
    14     61
    14     53
    11     39
    22     75
    12     48
    11     38
     8     32
    13     46
     9     22
    13     30
    15     10
    12     45
    -1     32
     2     18
     3     41
     4     14
     0     22
     0     35
     3     29
    23     12
     3     21
     7     26
    27     36
