  -127  -2501
     6     94
    -7     88
   -37    120
    -3    123
     3    140
    -4    117
   -15    119
   -11    112
   -13    129
   -13     98
   -22    112
   -29    113
   -23     94
   -22     91
   -32    139
   -15     85
   -11    127
   -16    101
   -24    107
   -25    127
   -19     84
   -26    115
   -23     99
   -34    120
   -32    110
   -28     98
   -36    100
   -34     99
   -42    116
   -38     89
   -40    101
   -46    101
   -34     92
   -37     93
   -48     99
   -44     93
   -48    106
   -42     87
   -32     66
   -43     91
   -38     81
   -52     96
   -54     91
   -59    102
   -55     88
   -62     93
   -75    101
   -70    102
   -68    100
   -58     74
   -53     70
   -59     86
   -67     88
   -55     71
   -69     79
   -60     64
   -74     88
   -95    111
   -63     73
   -94     94
   -86     80
  -176    182
  -131    119
   -17      1
   -35     41
   -23     50
   -46     47
   -54     52
   -65     62
   -40     47
   -64     56
   -72     61
   -57     47
  -106     83
   -60     48
  -105     79
   -46     35
   -72     53
   -65     46
   -66     44
   -58     48
   -60     41
   -81     52
   -67     51
   -71     46
   -78     49
   -84     50
   -79     45
   -81     43
   -65     37
   -95     47
   -64     33
   -92     44
   -81     36
   -88     41
   -84     35
   -76     36
   -87     37
   -78     29
   -90     33
   -75     35
   -89     38
   -91     33
   -96     34
  -109     38
   -91     27
   -79     20
  -114     31
  -102     23
   -99     24
  -120     22
  -112     22
  -120     20
   -99     15
  -129     20
   -90     17
  -129     22
  -112     24
   -97     19
  -126     16
  -110     20
  -122     18
  -119     11
  -122     10
  -118      4
  -132     12
  -144     12
  -131     -1
  -116      6
  -117      2
  -139     -8
  -141     -1
  -157     -8
  -138     -5
  -167    -11
  -147    -10
  -161    -11
  -155    -14
  -164    -22
  -179    -29
  -171    -28
  -160    -23
  -180    -35
  -161    -39
  -177    -25
  -238    -45
  -148    -39
  -189    -45
  -207    -48
  -240    -67
  -183    -51
  -124    -36
  -210    -66
  -234    -70
   -98    -32
  -170    -53
  -200    -74
  -212    -83
  -218    -89
  -220    -93
  -268   -106
  -283   -113
  -324   -153
  -428   -207
    92     52
  -146    -67
  -226   -110
  -261   -137
  -244   -131
  -308   -166
  -324   -189
  -347   -204
  -369   -228
  -422   -261
  -451   -301
  -556   -360
  -640   -436
  -892   -654
 -1587  -1144
  2193   1636
  -299   -212
  1625   1281
   277    213
    46     34
  -126    -88
  -249   -189
  -345   -309
  -430   -394
  -546   -504
  -832   -774
 -1271  -1187
 -2525  -2475
  3709   3883
  5991   6380
  1486   1585
   718    774
   143    150
  2386   2801
   746    896
   518    629
   399    487
   326    405
   242    326
   169    221
   100    131
   -90   -137
   821   1194
   930   1406
  1066   1626
   406    599
   277    456
   209    343
   141    238
   584   1051
   222    418
   185    347
   143    281
   111    215
   357    737
   156    329
   122    274
   111    250
    86    207
   310    749
   134    322
   107    263
    98    249
    82    237
    83    247
    73    214
    73    231
    64    220
    47    192
    55    191
    77    302
    64    239
    42    197
    39    192
    38    186
    42    188
    32    188
    21    173
    33    158
    36    185
    19    150
    30    180
    21    181
    16    154
    10    156
     2    180
    15    173
    14    146
     2    164
    -8    176
    14    164
  -115  -3817
    -7    110
   -23     93
   -43     96
    -7    143
    -4    129
   -17    133
   -11     87
    -8    156
   -19    126
   -20     98
   -22     94
   -23    101
   -22    107
   -31    123
   -18     80
   -17    111
    -8    118
   -33    154
   -30    114
   -25    116
   -21    111
   -36    134
   -30    107
   -39    106
   -23    117
   -32    116
   -44    115
   -42    101
   -39    101
   -36     92
   -40    101
   -41     93
   -44    109
   -43    101
   -49    103
   -53    112
   -41     85
   -54    109
   -54     94
   -42     83
   -67    112
   -49     84
   -52     91
   -51     87
   -66    104
   -67     98
   -70     87
   -67     93
   -84    117
   -40     67
   -66     90
   -58     79
   -63     85
   -75     97
   -80     94
  -133    152
   -51     60
   -55     77
   -75     93
   -70     82
   -84     92
   -96     92
   -96     94
  -170    182
   -41     50
   -66     68
   -94     89
   -67     63
  -110     91
  -118    100
  -202    162
   -33     29
   -49     40
   -58     44
   -74     58
   -71     51
   -87     66
  -128     96
   -62     40
   -74     58
   -88     64
   -82     61
  -132     84
   -73     44
  -100     66
   -97     57
   -90     53
   -75     42
   -91     59
   -86     52
  -100     49
  -112     53
   -93     47
   -96     46
  -120     47
   -87     37
   -94     47
  -101     43
  -111     37
  -113     42
  -104     40
   -89     38
  -118     48
  -109     38
  -119     32
   -97     24
  -118     37
  -114     28
  -135     41
  -117     28
  -136     27
  -123     25
  -125     20
  -128     29
  -131     27
  -146     25
  -140     14
  -137     15
  -134     14
  -121     12
  -163     32
  -158     14
  -158      6
  -130      6
  -146     10
  -172      2
  -151      5
  -163      1
  -155      6
  -177      1
  -165     -8
  -183     -9
  -168     -7
  -193    -17
  -183     -7
  -200    -30
  -205    -12
  -196    -18
  -210    -30
  -223    -35
  -220    -29
  -217    -33
  -230    -40
  -261    -55
  -274    -60
  -251    -50
  -284    -64
  -151    -30
  -221    -51
  -286    -78
  -270    -77
  -357   -108
  -187    -47
  -266    -82
  -300   -101
  -318   -111
  -423   -147
  -454   -170
  -670   -261
  -445   -167
   442    203
  -139    -63
  -263   -127
  -339   -162
  -423   -211
  -494   -253
  -642   -326
 -1074   -551
  -189    -94
   223    144
   828    495
  -453   -261
  1116    708
    97     58
  -152   -103
  -389   -257
  -886   -611
  1626   1161
   152    114
  -130    -85
  -341   -267
  -557   -429
  -966   -744
 -2337  -1864
  5801   4928
  1151    989
   545    463
   234    222
    -4    -28
  -354   -310
 -1276  -1204
  4616   4630
  1063   1082
   610    630
   402    427
   281    307
   150    155
   -20    -24
  -396   -450
  2605   3197
   637    774
   402    496
   294    386
   229    295
   133    164
   -88   -130
  1526   2204
   408    586
   282    426
   238    363
   194    326
   161    254
   126    222
    75    139
   690   1265
   211    392
   169    303
   144    278
   120    253
    84    181
   371    799
   138    304
   110    269
   101    217
   244    601
   107    271
   107    271
    81    240
    68    222
    65    210
   118    384
    69    214
    59    214
    51    208
    58    213
    50    182
    49    207
    55    240
    38    177
    43    183
    31    150
    38    207
    33    165
    22    157
    16    180
    17    153
    16    160
    27    180
     1    140
     6    164
    12    162
    18    154
     2    158
    -2    168
    19    205
  -121  -4398
    -6    104
   -19    125
   -45    105
    -1    122
    -3    161
   -14     96
   -22    124
    -5     95
    -7    131
   -10    109
   -16    141
   -31    135
   -32    123
   -33    127
   -31     88
   -29    129
   -26    119
   -25     88
   -23    100
   -21    130
   -18     92
   -29    111
   -22     94
   -38    117
   -27    118
   -28     94
   -39    107
   -40    114
   -41    103
   -37     96
   -44    123
   -49    107
   -58    131
   -44     85
   -63    120
   -63    139
   -49    109
   -45     92
   -49     92
   -67    137
   -42     75
   -55     92
   -75    125
   -66    105
   -82    130
   -53     76
   -58     88
   -62     88
   -61     86
   -62     84
   -74     96
   -74     98
  -129    164
   -55     75
   -88    109
  -143    170
   -51     64
   -67     75
   -74     79
  -179    192
   -36     28
   -59     70
   -56     58
   -65     62
   -93     89
  -184    166
   -26     16
   -29     30
   -54     60
   -53     53
  -105     85
   -89     73
   -89     71
  -148    113
   -92     71
   -37     31
   -61     48
   -64     44
   -56     39
   -57     49
   -64     53
   -89     62
  -123     74
   -50     43
  -121     83
   -57     41
   -95     55
   -83     46
   -66     37
   -89     47
   -88     44
  -107     55
   -76     38
   -89     46
   -86     37
   -99     47
   -88     35
  -102     41
  -108     41
   -94     40
   -97     39
  -100     35
   -78     29
  -109     39
  -109     38
   -90     27
  -104     26
  -105     24
   -82     28
  -119     32
  -119     23
  -101     19
  -117     22
   -99     19
  -110     14
  -106     20
  -110     19
  -120     30
  -100     19
  -127     22
  -127     20
  -138     14
  -150     11
  -134      3
  -147     -1
  -126     11
  -162      0
  -155     -4
  -136      4
  -165     -3
  -157     -9
  -151    -12
  -151     -9
  -162    -10
  -176    -16
  -163    -27
  -171    -17
  -170    -23
  -144    -15
  -209    -27
  -194    -25
  -215    -37
  -201    -44
  -215    -45
  -234    -45
  -259    -54
  -187    -48
  -243    -54
  -292    -68
  -219    -59
  -140    -34
  -248    -67
  -341   -102
  -126    -34
  -329   -113
   -78    -22
  -223    -77
  -301   -112
  -430   -171
    19     11
  -238   -101
  -328   -143
  -497   -236
   187     95
  -165    -79
  -265   -118
  -319   -160
  -403   -207
  -514   -275
  -849   -472
   463    281
  -594   -357
   978    610
    33     42
  -144    -96
  -266   -174
  -339   -240
  -514   -358
  -728   -518
 -1414  -1030
  1013    788
  2545   2013
   558    443
   203    168
     9     16
  -115    -95
  -270   -233
  -553   -472
 -1324  -1198
  3663   3470
   636    610
   229    224
   -17     -9
  -252   -248
  -856   -900
  3085   3448
   524    596
   121    145
  -381   -425
  2385   2927
   431    539
   -32    -39
  2048   2703
   561    737
   383    518
   288    406
   236    349
   173    247
   108    161
   -19    -20
   893   1466
   146    237
   831   1425
   217    371
   113    209
   613   1144
   186    355
    95    193
   404    838
   421    881
   424    916
   187    398
   148    339
   137    303
   124    299
   110    289
    96    255
    98    250
    91    259
    86    227
    74    223
   107    347
    69    246
    58    217
    64    220
    57    224
    42    184
    43    174
    45    193
    53    215
    29    172
    35    187
    40    176
    26    188
    26    201
    22    146
    14    161
    23    152
    17    172
     4    162
    18    179
    22    169
     7    175
     2    197
    18    204
  -123  -3410
    -6    106
   -17     87
   -44    119
   -10     99
    -1    116
   -13    118
    -5    139
   -18    130
   -12    114
   -16    108
   -25    102
   -29    108
   -28    117
   -25    114
   -29    105
   -28    123
   -23    126
   -25    113
   -28     92
   -31    118
   -20    110
   -31     99
   -26    105
   -28     88
   -29    112
   -37    132
   -39    114
   -43    112
   -41    111
   -42    107
   -35     87
   -44     94
   -43    104
   -54    113
   -56    107
   -57    118
   -44     91
   -47     93
   -48     85
   -50     91
   -72    129
   -45     78
   -62     92
   -76    123
   -53     88
   -50     87
   -74    111
   -63     85
   -57     79
   -49     70
   -68     83
   -81    101
   -84    112
   -66     82
   -61     76
   -74     84
  -121    146
   -43     47
   -67     88
   -68     81
   -67     75
   -87     84
   -75     84
   -96     95
  -154    152
   -60     58
   -88     79
  -111     98
  -175    158
   -59     48
  -137    121
    -8      6
   -42     46
   -67     59
  -111     84
   -76     63
   -47     36
   -62     45
   -68     44
   -64     49
   -67     44
   -91     63
   -75     43
   -82     63
   -67     49
   -80     50
  -104     57
   -86     48
   -70     47
   -95     52
  -101     50
   -90     47
   -75     37
  -104     53
   -82     36
   -92     36
   -84     33
   -75     30
   -98     37
   -86     33
   -88     41
  -113     39
  -104     39
  -121     38
  -100     25
   -90     29
  -116     28
  -105     30
  -102     23
  -102     23
  -131     26
  -109     19
  -104     22
  -130     25
  -105     18
  -137     25
  -138     22
  -129     15
  -124     19
  -152     10
  -119     20
  -138      8
  -127     18
  -122      7
  -150      8
  -130      3
  -141      2
  -159     -4
  -130     -2
  -153     -7
  -170     -7
  -152     -9
  -165     -4
  -157    -14
  -169    -13
  -156    -20
  -154    -12
  -166    -24
  -157    -18
  -163    -20
  -202    -23
  -215    -30
  -197    -37
  -208    -41
  -203    -34
  -233    -51
  -222    -56
  -213    -50
  -236    -52
  -249    -69
  -196    -53
  -214    -70
  -229    -66
  -247    -74
  -263    -78
  -283    -94
  -301   -105
  -322   -121
  -313   -125
  -326   -132
  -399   -162
  -448   -199
  -598   -275
  -257   -116
    12     11
  -363   -179
  -626   -313
   -96    -45
   292    173
  -211   -106
  -542   -304
   424    265
  -127    -76
  -266   -169
  -356   -221
  -445   -289
  -581   -387
  -761   -540
 -1214   -869
   227    181
  1180    896
  -244   -198
  -727   -536
 -1842  -1468
  3091   2646
  -839   -683
  4633   4112
  1002    907
   399    347
  -399   -366
  3105   3028
   866    855
   562    560
   398    422
   282    325
   173    184
    41     50
  -263   -288
  1839   2189
   422    512
   228    260
   -59    -67
  1421   1884
   396    533
   285    358
   210    291
   126    196
     8     25
   781   1208
   189    291
     5      9
  1154   1921
   291    497
   160    292
   554    995
   216    402
   184    327
   127    270
    83    174
   496   1043
   173    369
   132    297
    98    234
   222    514
   126    297
   113    272
    92    239
   100    265
    76    217
    79    239
    74    225
    59    208
    60    217
    54    203
    56    188
    53    210
    50    189
    46    223
    41    192
    37    157
    30    158
    36    197
    35    168
    27    169
    26    182
    23    169
    20    161
    20    178
     5    168
     0    144
     9    170
    12    137
    -2    174
    -8    175
    19    206
  -122  -3155
    -6    121
   -13    102
   -40    129
   -12    109
    10    146
   -12    116
   -12     85
   -13    119
   -10    117
   -17    127
   -29    125
   -31    124
   -26    103
   -23    111
   -38    119
   -25     99
   -14    131
   -18    101
   -23     97
   -22    113
   -21    116
   -34    129
   -31    112
   -41    122
   -28     91
   -29    104
   -37     85
   -37     97
   -30     78
   -39    109
   -41    108
   -51    113
   -35     88
   -49    113
   -43     89
   -51    104
   -45    104
   -50    100
   -48     89
   -47     93
   -54    102
   -54     88
   -52     93
   -55     84
   -56     96
   -62     98
   -95    144
   -64     83
   -51     71
   -52     58
   -70     89
   -52     70
   -61     75
   -59     80
   -53     72
   -80     96
   -76     99
   -82    101
  -141    152
   -71     70
   -89     90
  -144    171
  -118    119
   -28     17
   -59     64
  -127    140
   -32     25
   -57     58
   -80     80
  -126    114
   -53     38
   -64     46
   -42     41
   -58     56
   -77     63
   -88     65
  -111     80
   -86     58
   -53     36
   -74     48
   -45     28
   -70     47
   -64     40
   -63     50
   -86     61
   -85     46
   -70     41
  -100     53
   -50     29
   -98     55
   -80     38
   -67     35
   -96     48
   -90     42
   -79     36
  -124     48
   -72     33
   -99     39
   -86     34
   -78     27
   -87     40
  -103     37
   -99     28
   -87     27
  -100     36
   -68     26
  -117     36
  -121     32
  -111     27
  -115     29
  -113     26
  -108     11
  -112     14
   -95     19
  -107     20
  -140     28
  -113     17
  -131     16
  -102     13
  -135     11
  -126     13
  -120     17
  -120      7
  -111     10
  -107      6
  -156     11
  -129     12
  -166     -7
  -118     -1
  -121     10
  -160     -7
  -142     -3
  -184     -8
  -164    -16
  -162    -15
  -171    -17
  -184    -21
  -179    -21
  -161    -23
  -161    -24
  -198    -27
  -199    -35
  -172    -41
  -187    -37
  -196    -37
  -216    -41
  -239    -57
  -192    -47
  -165    -34
  -200    -55
  -219    -66
  -241    -76
  -274    -83
  -133    -34
  -239    -79
  -247    -85
  -262    -94
  -303   -113
  -393   -152
   -59    -25
  -227    -98
  -303   -129
  -339   -153
  -521   -244
   109     66
  -282   -138
  -516   -257
   307    171
  -116    -64
  -228   -130
  -266   -163
  -311   -192
  -380   -226
  -432   -266
  -505   -322
  -676   -449
 -1155   -787
   440    316
  1478   1083
   148    114
  -135    -95
  -233   -178
  -397   -306
  -638   -500
 -1240  -1009
  1988   1723
   -21    -14
  -503   -450
 -1253  -1138
  2672   2531
   -42    -31
 -1096  -1075
  2371   2484
  3609   3832
   816    877
    43     40
  2898   3274
   882   1022
   595    692
   476    568
   408    495
   342    414
   259    347
   232    303
   183    244
   120    190
    27     46
  -182   -258
  1755   2714
   404    609
   238    376
   129    220
   752   1273
   243    444
   188    349
   182    333
   156    283
   140    267
    92    196
   319    685
   112    252
   288    642
   125    288
    94    228
   210    525
   103    269
    84    214
   146    421
    91    250
   111    349
    71    228
   103    321
    66    214
    62    216
    67    250
    55    208
    51    199
    45    191
    37    192
    36    183
    26    170
    31    163
    43    152
    32    156
    29    187
    19    190
    12    161
    21    185
     6    153
     6    175
    10    199
    13    126
     5    150
    -4    183
    21    172
  -124  -4733
    -4    122
   -19     95
   -34    138
    -4    120
     2    132
    -7    125
   -15    129
   -24    139
   -24    126
   -18     78
   -23    129
   -27    122
   -18    132
   -27    129
   -35    126
   -26    113
   -28    129
   -34    132
   -31     93
   -22    101
   -27    122
   -29     99
   -24     98
   -36    123
   -29    116
   -35     87
   -39    104
   -31     89
   -32    102
   -50    125
   -49     97
   -53    100
   -36     84
   -45    105
   -52    102
   -45    105
   -51    113
   -68    130
   -57     99
   -48     91
   -39     78
   -74    140
   -71    117
   -67    100
   -63     99
   -67    104
   -60     88
   -71    104
   -71    101
  -146    200
  -150    196
   -26     20
   -45     59
   -47     63
   -58     80
   -61     72
   -71     88
   -69     88
   -84     98
   -89     99
  -195    209
   -14     20
   -61     71
   -72     67
   -75     87
   -84     76
   -75     83
   -84     78
  -101     97
  -115    103
  -197    163
   -64     53
  -170    140
   -62     48
  -129     91
   -13      4
   -63     59
   -57     53
   -59     44
   -82     59
   -82     59
   -93     61
  -125     79
  -107     72
   -63     38
  -105     61
   -54     32
   -74     45
  -104     61
   -66     36
   -83     40
  -121     55
   -60     28
   -78     37
   -99     47
   -80     39
   -98     48
  -114     44
   -88     36
   -98     36
   -95     39
   -85     29
  -102     32
   -93     28
   -94     29
  -102     30
  -101     25
   -95     28
  -110     40
  -126     33
  -113     25
  -108     21
  -129     29
  -129     21
  -106     14
  -132     20
  -111     19
  -123     11
  -125     19
  -123      8
  -117     20
  -121     20
  -119     11
  -147      7
  -135     13
  -133      9
  -169      7
  -142     -7
  -140      4
  -173     -5
  -172     -6
  -150    -10
  -162    -10
  -177     -9
  -183    -15
  -164    -17
  -168    -10
  -200    -20
  -195    -31
  -191    -34
  -202    -22
  -197    -21
  -211    -34
  -228    -41
  -226    -45
  -242    -58
  -267    -67
  -170    -41
  -237    -56
  -233    -61
  -246    -68
  -272    -81
  -293    -82
  -305    -89
  -329   -114
  -347   -119
  -478   -172
   -98    -39
  -275   -109
  -359   -152
  -422   -178
  -523   -231
  -892   -398
   641    317
  -125    -57
  -292   -148
  -405   -199
  -552   -295
  -903   -496
   308    182
  -795   -455
   361    220
  1251    795
   201    122
   -48    -26
  -203   -134
  -323   -219
  -458   -310
  -710   -484
 -1376  -1006
  1541   1185
  -877   -663
  2306   1846
  -441   -344
  3301   2792
   881    750
   514    458
   305    277
   211    183
    88    104
    11     27
  -142   -147
  -333   -337
  -992  -1042
  3609   3909
   770    852
   421    473
   271    329
   167    215
    88    113
    26      4
   -96   -126
  -269   -333
  -761  -1000
  2867   3959
  2057   2887
   633    880
   436    637
   348    513
   253    413
   199    315
   155    264
    55     92
   759   1333
   224    398
   142    261
    46     89
   906   1814
   247    494
   191    391
   162    330
   138    333
   115    265
   124    273
   116    266
    94    238
    88    208
   178    478
    95    277
    73    249
    56    216
    97    344
    60    225
    52    180
   103    393
    57    224
    58    210
    40    197
    45    209
    42    169
    47    217
    33    197
    38    182
    22    178
    23    165
    15    141
    25    187
    25    180
     3    164
     9    206
    13    173
    15    161
     7    179
     3    163
    23    203
  -120  -3187
    -4     98
   -20    108
   -41     91
     9    124
     1    133
   -14    118
    -8    102
   -13    105
   -11    137
   -12     95
   -23    119
   -20    108
   -29    141
   -30    110
   -33     97
   -21     99
   -18    115
   -23     97
   -31    109
   -21    118
   -22    104
   -31    127
   -26    104
   -34     99
   -29    106
   -37    118
   -41    102
   -41     99
   -38    107
   -34    101
   -41     96
   -50     94
   -38    104
   -45    110
   -55    116
   -51    106
   -46     92
   -50    104
   -60    118
   -46     86
   -73    132
   -43     79
   -47     73
   -43     64
   -58     99
   -45     86
   -63     91
   -73    100
   -50     75
   -65     91
   -65     81
   -77    102
   -68     76
   -73     96
   -65     78
   -77     91
   -69     83
   -65     72
   -87    101
  -140    147
   -70     68
   -68    100
  -137    152
   -69     74
   -85     97
  -213    197
   -17     15
   -59     62
  -120    112
   -30     34
   -52     42
   -56     46
   -75     63
  -113     90
   -61     49
   -88     68
   -65     57
   -71     53
   -63     41
   -77     53
   -52     43
   -82     58
   -85     59
   -70     49
  -125     77
   -81     53
   -86     48
   -72     37
   -87     48
   -63     38
   -95     52
   -66     34
   -68     33
   -77     40
   -99     46
  -120     50
   -93     35
  -100     43
   -97     40
   -94     41
   -91     39
  -106     42
  -104     28
   -92     38
  -117     34
  -106     36
  -108     30
  -109     26
  -117     28
  -100     29
  -128     24
  -131     20
  -116     27
  -119     21
  -114     24
  -145     24
  -135     15
  -147     16
  -116     15
  -124     12
  -127      7
  -136      9
  -112     10
  -152      7
  -138     -4
  -113     11
  -158      5
  -140      3
  -142     10
  -178    -12
  -155     -7
  -161    -10
  -177    -11
  -158    -18
  -166    -12
  -179    -19
  -179    -19
  -152    -23
  -179    -29
  -144    -20
  -189    -23
  -200    -34
  -211    -45
  -203    -43
  -208    -39
  -207    -49
  -243    -55
  -189    -36
  -230    -54
  -211    -53
  -260    -66
  -260    -75
  -279    -88
  -291    -92
  -285    -98
  -337   -115
  -420   -151
  -214    -69
  -533   -212
   184     80
  -168    -64
  -257   -108
  -325   -154
  -505   -234
    92     60
  -250   -116
  -344   -174
  -444   -228
  -755   -406
     9     13
   633    379
   -23     -8
  -214   -127
  -255   -122
  -343   -219
  -429   -280
  -502   -353
  -693   -489
 -1141   -817
   873    664
  -778   -560
  1499   1192
     5     14
  -319   -257
  -639   -511
 -1349  -1146
  1857   1663
  -476   -401
 -1980  -1790
  5794   5488
   867    850
  -315   -326
  3495   3615
   743    807
    -7    -11
  3027   3356
   960   1054
   670    738
   558    652
   464    556
   393    479
   337    442
   307    409
   276    360
   219    321
   201    311
   211    303
   165    243
   166    229
   148    226
   111    179
   112    169
    45     77
   -53    -91
   888   1610
   154    287
   431    830
   451    900
   165    344
   380    794
   166    363
   137    288
   125    294
   110    252
    99    249
    86    231
    81    222
   138    387
    85    241
   114    346
    72    220
    62    208
    89    292
    64    212
    54    210
    47    186
    45    184
    52    183
    38    204
    41    160
    36    175
    33    173
    40    188
    29    182
    17    177
    25    148
    20    181
    12    150
     7    157
     2    181
     6    154
     8    139
    -4    150
    -1    193
    24    177
  -111  -5191
    -4    123
   -18    118
   -54    126
   -12    120
   -13    127
   -16    114
   -22    137
    -4    101
   -14    129
   -12    136
   -27    110
   -29    115
   -20    106
   -27    128
   -31    142
   -32    126
   -20    113
   -14    113
   -25    129
   -22    107
   -36    144
   -28    126
   -33    111
   -43    137
   -33    116
   -41    129
   -38    109
   -40     98
   -44    118
   -43    109
   -46    101
   -48    109
   -50    130
   -49    100
   -43     99
   -66    142
   -53    109
   -51     85
   -77    133
   -49    105
   -49     91
   -63    108
   -57     92
   -58     82
   -62     95
   -52     94
   -59     96
   -74    105
  -106    156
   -48     83
   -78    102
   -69     93
   -80     96
   -83    103
   -89    104
  -160    196
   -52     52
   -77     87
   -57     58
   -78     79
   -81     88
   -91     98
   -97     94
  -248    258
   -15     26
   -63     71
   -88     74
   -61     57
   -83     75
   -64     58
  -110    107
  -174    157
   -42     43
   -62     56
   -94     77
   -92     74
  -124     94
  -237    164
   -36     13
   -79     59
  -148     97
  -129     84
   -80     50
   -39     30
   -61     41
   -61     39
   -93     53
  -128     72
   -64     39
   -68     40
   -67     38
   -78     36
   -87     43
   -84     46
   -98     49
   -70     37
  -109     53
   -78     33
  -103     41
  -105     45
  -104     42
  -124     42
  -102     28
  -110     36
   -87     31
  -107     38
  -100     35
  -117     35
  -133     34
  -105     27
  -133     28
  -114     29
  -122     24
  -142     33
  -146     26
  -128     14
  -127     17
  -131     17
  -153     18
  -127     25
  -137     15
  -166     12
  -138      7
  -133      6
  -159      0
  -140      3
  -132      9
  -155      7
  -180      1
  -166      0
  -174    -14
  -176    -10
  -179    -11
  -172    -10
  -180    -13
  -176    -23
  -194    -15
  -188    -16
  -193    -26
  -203    -33
  -218    -32
  -205    -30
  -245    -38
  -218    -42
  -232    -39
  -238    -41
  -245    -61
  -268    -65
  -282    -72
  -280    -84
  -291    -87
  -317    -83
  -379   -112
  -175    -43
  -288    -95
  -334   -116
  -344   -124
  -381   -143
  -438   -163
  -596   -235
   -34      0
  -341   -154
  -415   -193
  -520   -242
  -631   -299
  -973   -479
  -171    -83
   461    261
  -293   -157
  -479   -256
  -759   -428
 -1336   -782
   -54     -3
   512    332
  1389    892
  -200   -109
 -1460   -990
  3796   2723
   830    602
   331    251
    54     44
  -221   -167
  -963   -746
  2958   2428
   668    566
   345    291
   145    122
     6      9
  -193   -176
  -477   -434
 -1401  -1316
  4678   4686
  1035   1070
   595    599
   384    406
   257    285
   139    145
   -36    -34
  -468   -535
  2674   3277
   634    795
   398    496
   286    387
   208    276
   106    140
   -71   -102
  1536   2219
   409    589
   296    437
   245    372
   202    330
   173    280
   147    239
   133    243
   113    199
    56     82
   556   1069
   160    310
    97    204
   408    862
   143    315
    96    220
   314    721
   142    289
   109    269
    80    209
   189    509
    99    267
    68    204
   124    392
   114    378
   122    382
   101    339
    65    230
    56    217
    67    265
    49    198
    73    339
    43    208
    44    179
    32    178
    42    169
    38    174
    30    162
    25    187
    15    163
    13    180
     9    143
     9    183
     6    174
    18    181
    17    146
     5    160
     0    173
    26    193
  -121  -4110
    -3    119
   -21    100
   -46    104
    -9    115
     6    125
   -14    138
   -14    114
   -21    105
    -4    127
    -5    107
   -17     94
   -27    117
   -20    112
   -25    114
   -32    112
   -25    107
   -15    107
   -24    122
   -32    135
   -28    127
   -26    112
   -28    116
   -33    122
   -37    113
   -20     94
   -31    119
   -35    114
   -34     95
   -46    110
   -44    108
   -45    100
   -50    109
   -50    122
   -44     97
   -48     98
   -41    102
   -45     96
   -47     93
   -52    103
   -60    122
   -48     92
   -50     90
   -54     89
   -64    104
   -54     90
   -55     90
   -57     84
   -70     97
   -47     66
   -63     96
   -64     94
   -72     98
   -85    117
  -150    189
  -121    141
   -37     38
   -66     71
   -63     71
   -65     70
   -73     82
   -63     63
   -82    107
   -68     78
   -80     77
  -107    109
  -187    186
   -40     36
   -80     82
  -174    157
   -71     61
  -143    119
   -27     19
   -51     50
   -61     51
   -78     53
   -73     55
   -82     56
   -97     68
  -185    121
   -46     34
   -43     39
   -85     61
   -46     31
   -78     53
   -88     48
   -64     40
   -60     41
   -96     54
   -92     54
   -66     38
   -82     41
   -84     39
   -99     47
   -75     31
   -92     43
   -87     42
  -102     42
  -101     42
   -96     38
   -95     34
  -104     41
   -93     33
   -83     30
   -98     34
  -112     42
  -101     35
  -115     30
  -127     33
  -119     27
  -108     29
  -116     19
  -129     24
   -75     20
  -122     27
  -113     19
  -138     26
  -132     18
  -111     18
  -129     19
  -124     15
  -128     23
  -124     12
  -139     20
  -151     10
  -154      8
  -136      7
  -167      5
  -149     -4
  -133      1
  -167     -6
  -154     -4
  -129     -7
  -156     -5
  -154     -4
  -154     -4
  -189    -15
  -164     -7
  -173    -13
  -177    -24
  -175    -23
  -192    -24
  -199    -36
  -222    -44
  -185    -35
  -175    -29
  -194    -34
  -260    -57
  -150    -35
  -208    -46
  -220    -56
  -213    -56
  -229    -65
  -242    -64
  -259    -75
  -271    -88
  -258    -93
  -288   -102
  -278   -100
  -307   -124
  -314   -133
  -314   -134
  -356   -161
  -388   -178
  -431   -204
  -505   -242
  -729   -357
   206    111
  -294   -152
  -408   -212
  -514   -284
  -598   -345
  -746   -440
 -1248   -766
   309    216
 -1183   -748
   -80    -35
  3139   2188
   647    460
   216    140
    -6      4
  -187   -151
  -350   -257
  -657   -491
 -1381  -1100
  2064   1769
  -717   -613
  3057   2704
   381    352
  -721   -657
  4006   3775
  1040   1000
   634    617
   463    463
   323    352
   252    272
   178    186
    96     87
     3    -15
  -161   -189
  -563   -665
  1687   2134
  2331   3003
   676    881
   455    603
   366    488
   261    394
   239    355
   192    286
   157    231
   107    163
    14     19
   836   1395
   226    382
   144    260
    82    157
   570   1070
   186    344
   152    282
   116    229
    60    135
   297    657
   293    665
   276    661
   279    642
   126    310
   225    574
   104    282
   103    284
    82    245
    73    227
   105    348
    68    224
   100    342
    61    227
    75    286
    53    199
    53    209
    42    205
    36    197
    39    170
    43    202
    30    177
    29    171
    28    188
    20    168
    19    138
    19    187
    22    171
     2    149
     4    198
    11    150
    15    156
     2    162
    -4    167
    19    205
  -128  -3782
    -1    117
   -18    110
   -47     99
     8    144
     4    135
   -16    144
   -15    116
   -22    106
   -11    113
   -10    105
   -21    110
   -31    122
   -24    110
   -25    100
   -31    123
   -22    111
   -19    125
   -27    114
   -29    118
   -26    142
   -26    112
   -34    119
   -34    116
   -37    115
   -29    107
   -28    108
   -42    108
   -40    116
   -40    116
   -43    126
   -39     98
   -49     92
   -50    114
   -61    110
   -52     78
   -45     96
   -54    121
   -56    115
   -67    116
   -52     83
   -37     65
   -42     73
   -57     97
   -48     75
   -58     95
   -51     81
   -55     79
   -61     91
   -65    100
   -70    104
  -115    139
   -50     78
   -74     96
   -74    100
  -123    153
   -54     67
   -63     75
   -71     91
   -87     92
  -163    187
   -49     53
   -69     76
  -172    169
   -27     13
   -36     48
   -42     48
   -72     70
   -66     64
   -77     72
   -68     64
   -80     69
   -83     67
  -106     96
  -141    106
   -67     42
  -129     96
   -41     37
  -115     84
   -59     33
   -69     50
   -84     62
   -55     44
   -59     36
   -65     45
   -66     40
   -65     42
   -78     52
   -82     46
  -108     60
   -74     46
   -66     42
   -72     36
   -84     46
   -78     33
   -89     38
   -80     29
   -94     34
   -79     34
   -83     35
  -108     45
  -113     40
  -105     40
   -92     37
   -93     32
  -102     38
   -89     32
  -129     35
  -113     28
  -118     25
  -106     24
   -97     23
  -115     25
  -148     25
   -87     19
  -120     20
  -111     19
  -119     13
  -112     26
  -129     21
  -134     19
  -141     15
  -147     11
  -116      3
  -123      7
  -150     10
  -138      7
  -164      1
  -144    -12
  -125     -1
  -144     -4
  -131     -3
  -142     -6
  -160     -7
  -166    -14
  -137    -12
  -156    -10
  -157     -7
  -182    -13
  -193    -30
  -193    -28
  -194    -22
  -201    -36
  -177    -31
  -196    -41
  -241    -43
  -265    -60
  -153    -38
  -220    -50
  -156    -38
  -182    -51
  -234    -64
  -239    -73
  -311    -93
   -78    -22
  -188    -66
  -228    -80
  -220    -80
  -259   -100
  -245    -88
  -283   -120
  -300   -124
  -313   -146
  -324   -152
  -373   -170
  -476   -215
  -692   -331
   333    182
  -208   -111
  -309   -165
  -364   -199
  -439   -249
  -528   -307
  -722   -429
 -1161   -719
   835    537
  -433   -281
 -1143   -784
  1194    854
  -783   -555
  1776   1330
  -484   -340
  2604   2042
   641    517
   324    257
   155    145
    15     21
   -51    -42
  -131   -121
  -265   -257
  -385   -366
  -658   -617
 -1501  -1471
  3786   3944
   380    410
  -578   -606
  3476   3854
   793    860
   414    482
   140    171
  -271   -319
  2390   2998
   561    706
   261    350
    -7    -14
  1839   2531
   521    720
   383    527
   295    436
   272    388
   219    346
   177    296
   195    287
   136    218
   125    222
    78    152
    14     32
   448    874
   476    952
   476    988
   484   1016
   200    418
   156    349
   129    308
   124    291
   108    252
   101    262
    79    215
   162    461
    83    250
    73    212
   118    377
    69    224
    68    214
    67    222
    45    189
    57    220
    54    181
    50    202
    49    213
    49    201
    28    175
    35    171
    34    168
    37    189
    21    163
    34    180
    15    189
    16    153
     9    153
    11    177
    18    171
    17    151
     0    158
     0    155
    22    203
  -124  -3966
    -6    106
   -25     78
   -41    116
    -2    142
    -1    140
   -18    106
   -13    132
   -10    108
   -16    126
   -23    131
   -26    104
   -30    131
   -21     80
   -30    128
   -31    113
   -22    103
   -24    116
   -20    100
   -26    115
   -20    109
   -23    101
   -31    116
   -34    118
   -38    115
   -32    112
   -38    128
   -29     88
   -33     91
   -40    119
   -48    129
   -43    104
   -54    106
   -54    120
   -41     96
   -64    121
   -45     91
   -46    107
   -64    122
   -53    102
   -68    121
   -62    107
   -55     94
   -63     94
   -72    110
   -53     88
   -63     97
   -46     71
   -60     82
   -72    101
   -66     83
   -81    102
  -136    194
   -33     51
   -59     68
   -63     68
   -57     59
   -49     63
   -62     76
   -86    102
   -44     52
   -84     91
   -92    100
  -188    206
   -46     42
  -156    168
   -35     44
   -52     45
   -63     63
   -63     62
   -80     72
  -165    128
   -34     20
   -48     30
   -48     42
   -72     64
  -129    104
   -43     34
   -56     46
   -66     50
  -121     82
   -46     32
   -53     35
   -60     37
   -62     49
   -72     50
   -85     52
   -79     45
   -81     48
   -64     42
   -89     53
   -86     49
   -74     38
   -66     37
   -92     45
   -84     41
   -88     36
   -83     39
   -94     41
   -83     42
  -106     46
   -99     38
  -118     32
   -88     25
   -80     27
   -86     31
  -124     33
   -91     26
   -79     23
  -113     28
  -106     22
   -87     20
  -116     28
  -122     21
   -89     14
   -93     14
  -128     26
  -126     22
  -124     15
  -111     12
  -124      8
  -127     13
  -125     11
  -126     12
  -137     11
  -125      2
  -116      2
  -102     14
  -126      0
  -152      4
  -145     -2
  -143     -8
  -150     -4
  -153     -8
  -164    -16
  -151    -14
  -152    -18
  -150     -8
  -153    -17
  -172    -26
  -150    -15
  -201    -24
  -188    -26
  -183    -37
  -194    -39
  -182    -30
  -196    -38
  -224    -55
  -172    -43
  -235    -57
  -129    -30
  -192    -54
  -202    -59
  -222    -62
  -222    -66
  -239    -84
  -233    -83
  -240    -85
  -256    -99
  -281   -116
  -274   -110
  -324   -140
  -357   -154
  -382   -179
  -597   -279
   136     71
  -286   -144
  -571   -294
   426    235
  -118    -57
  -213   -114
  -285   -168
  -328   -192
  -453   -276
  -543   -341
  -994   -623
   966    656
  -148   -103
  -436   -313
 -1007   -728
  1592   1190
    65     55
  -219   -174
  -473   -366
 -1159   -921
  2385   2037
   260    232
   -44    -32
  -324   -266
  -620   -571
 -1528  -1408
  3282   3208
  -368   -356
  4094   4238
  1037   1084
   616    663
   459    503
   321    334
   230    278
   161    178
    76     98
   -18    -40
  -164   -196
  -638   -830
  3125   4232
   617    846
   354    484
   220    314
   133    194
   -28    -70
   933   1491
    70    139
   778   1293
   874   1490
   261    462
   153    275
   597   1116
   190    344
   521   1029
   198    403
   124    278
   382    821
   164    357
   144    335
   128    296
   113    281
   108    261
    93    248
    72    198
   145    408
   132    398
   112    367
    82    265
    66    235
    60    211
    51    216
    71    263
    51    184
    48    190
    51    188
    46    190
    38    189
    39    188
    37    176
    36    182
    30    176
    18    195
    15    174
    24    154
    15    179
    11    177
    12    158
    25    167
     1    162
    -8    162
    24    208
  -123  -3738
    -2    120
   -14     73
   -43    137
    -5    133
    -1    137
   -15    129
   -19    127
   -21    101
   -15    107
     3     94
   -24    132
   -27    102
   -27    114
   -27    127
   -34    118
   -22    102
   -22    122
   -24    126
   -31    114
   -22     98
   -17    115
   -29    106
   -30    122
   -40    121
   -37    118
   -29    100
   -36     96
   -40    118
   -44    114
   -48    113
   -43    108
   -40     82
   -47    111
   -44    100
   -51     90
   -51    111
   -37     78
   -45     93
   -49     98
   -52     95
   -68    111
   -52     94
   -47     84
   -59     94
   -88    142
   -46     78
   -69    112
   -76    107
   -69     95
  -101    131
   -70     88
   -73     99
   -72    100
  -178    222
   -48     48
   -44     38
   -46     50
   -68     74
   -64     66
   -71     68
   -64     64
   -82    107
  -172    178
   -27     26
   -67     87
  -173    164
   -34     32
   -44     44
   -55     49
   -67     59
   -50     48
   -64     58
  -102     74
   -68     63
  -115     87
  -109     84
   -35     26
   -50     46
   -66     46
   -62     46
   -71     57
   -80     54
   -78     43
   -67     49
   -79     63
   -93     66
   -89     51
  -102     57
   -81     44
   -80     49
   -97     49
  -104     56
   -83     37
   -93     40
   -81     34
   -86     34
   -92     36
   -69     37
   -88     31
   -97     37
   -86     29
   -88     34
   -93     36
  -103     34
  -101     36
   -98     34
  -111     26
   -85     22
  -124     30
   -96     28
  -108     23
  -109     22
   -89     17
  -132     20
  -137     17
  -109     21
  -122     24
  -135     23
  -129     21
  -134     16
  -141     13
  -127      9
  -103     -1
  -124      5
  -141      1
  -107     16
  -170      8
  -145     -8
  -102      2
  -162      3
  -151      3
  -165     -1
  -195     -9
  -161     -9
  -161    -21
  -179    -11
  -171    -15
  -181     -4
  -178    -20
  -185    -24
  -195    -30
  -195    -31
  -220    -48
  -214    -42
  -250    -44
  -210    -44
  -181    -54
  -216    -58
  -225    -53
  -249    -66
  -292    -86
  -168    -47
  -249    -78
  -303    -92
  -364   -122
  -214    -68
     4      8
  -226    -79
  -257   -102
  -336   -138
  -367   -159
  -612   -262
  -107    -48
   319    157
  -143    -66
  -283   -135
  -579   -296
   568    305
   -42    -21
  -162    -84
  -193   -122
  -233   -140
  -282   -168
  -356   -204
  -387   -256
  -482   -321
  -573   -401
  -793   -559
 -1490  -1062
   881    677
  2416   1852
   464    374
   116     82
    22     16
  -152   -118
  -302   -254
  -474   -402
  -763   -670
 -1608  -1482
  3542   3357
   208    218
  -897   -896
  4271   4443
   949   1032
   528    568
   334    364
   231    231
    75     89
   -46    -38
  -284   -324
  -904  -1122
  4074   5239
   793   1033
   377    494
    61     94
  1688   2402
   484    720
   306    454
   239    345
    86    116
  1086   1757
   337    539
   273    439
   235    402
   191    365
   166    321
   139    268
   152    263
    81    181
   410    874
   143    317
   119    270
   105    252
    78    198
   214    552
   213    549
   106    275
   101    259
    94    255
    80    236
    69    222
   111    358
    67    230
    68    236
    59    212
    57    200
    42    184
    58    210
    40    189
    43    184
    35    201
    30    188
    37    169
    29    159
    34    196
    25    169
     9    149
    20    158
    15    159
     5    195
     9    157
    18    161
     9    181
    -1    176
    18    192
  -124  -4208
     0    122
   -26     97
   -45    111
    -5    103
     3    122
   -12    131
   -16    124
   -17    121
   -13    125
    -6    110
   -30    137
   -30    109
   -19     96
   -24    109
   -30    138
   -21    103
   -20    108
   -27    117
   -32    113
   -27    110
   -20    113
   -25    107
   -29    112
   -35    110
   -31    110
   -24     96
   -32     91
   -45    125
   -38    118
   -44    112
   -45    110
   -63    122
   -45    109
   -44     92
   -48    104
   -46     89
   -64    121
   -55     94
   -46     89
   -45     85
   -50    101
   -68    122
   -56    100
   -65    107
   -53     85
   -58     94
   -57     89
   -67     87
   -90    131
   -50     72
   -65     83
   -55     87
   -72     99
   -98    139
   -57     76
   -88     93
   -71     78
   -56     61
   -74     89
   -67     79
   -86    106
   -94     98
  -183    193
   -52     46
   -53     69
   -87     86
  -177    161
   -35     43
   -58     59
   -99     96
  -160    138
   -72     54
  -124     98
   -35     35
   -81     62
  -191    142
   -18     15
   -67     40
   -54     30
   -30     20
   -67     47
   -87     59
   -69     50
   -81     56
   -85     52
   -88     48
  -110     65
   -76     39
  -108     61
   -74     38
   -86     41
   -90     42
   -94     48
   -92     42
   -90     41
   -92     35
  -100     42
   -70     34
   -98     36
   -89     34
   -81     30
  -105     32
   -95     36
   -96     34
   -80     23
  -102     34
   -96     26
  -100     28
  -113     27
  -103     21
  -115     29
  -101     19
   -95     18
  -100     18
   -99     13
  -129     27
  -120     27
  -142     19
  -115     26
  -174     21
  -117     24
  -160     13
  -134      1
  -118      2
  -118     24
  -152     10
  -151      5
  -130    -10
  -144      4
  -124      1
  -161     -5
  -173     -1
  -153    -12
  -156    -11
  -166    -10
  -139    -11
  -167    -11
  -164     -6
  -186    -25
  -186    -25
  -195    -26
  -194    -35
  -192    -28
  -213    -39
  -226    -36
  -229    -49
  -224    -53
  -255    -58
  -262    -59
  -201    -55
  -243    -60
  -261    -74
  -341   -102
  -162    -42
  -238    -83
  -273    -97
  -322   -110
  -428   -164
   -95    -38
  -301   -126
  -453   -185
    20     20
  -230   -102
  -340   -163
  -434   -203
  -667   -338
   164     93
  -509   -265
   456    259
  -118    -64
  -242   -146
  -269   -167
  -353   -211
  -408   -250
  -489   -319
  -575   -381
  -704   -481
 -1018   -708
 -1949  -1377
  2881   2151
    16     31
  -908   -691
  1751   1404
  -522   -413
  2495   2112
   386    327
   -98    -75
  -909   -813
  3192   2936
   572    544
    67     79
  -734   -720
  3709   3821
   925    988
   583    617
   417    439
   336    347
   251    296
   150    188
    20     44
  -260   -332
  1845   2361
   437    574
   283    374
   136    183
   -51    -58
  1248   1812
   312    472
   229    317
   167    237
   113    186
   -13    -16
   607   1042
   706   1244
   230    395
   120    233
   488    951
   160    316
   416    859
   164    354
   138    288
   100    226
    74    183
   368    877
   102    258
   318    818
   120    318
    95    272
    91    256
    75    244
    81    246
    66    226
    62    217
    64    232
    54    192
    86    344
    71    263
    49    215
    41    193
    47    183
    37    216
    32    198
    29    161
    31    171
    24    183
    20    165
    21    182
    20    151
     5    174
     2    175
    14    173
    18    148
     0    158
     2    164
    23    203
  -121  -2727
    -3    112
   -13    101
   -43    106
    10    120
     6    129
   -10    136
    -9     98
   -13    114
   -12    122
   -16    109
   -19    106
   -27    120
   -15    100
   -24    112
   -29    116
   -23    124
   -28    125
   -35    127
   -31     98
   -18    120
   -23    108
   -31    116
   -28    106
   -36    110
   -27     94
   -36    108
   -41     97
   -40     94
   -30     91
   -39    106
   -34     90
   -46    112
   -48     98
   -41     83
   -51    102
   -39     93
   -45    103
   -53     94
   -40     73
   -38     80
   -59    114
   -53    101
   -54     78
   -62     91
   -43     82
   -56     85
   -62     93
   -59     78
   -69    101
   -61     88
   -78     96
  -110    136
   -76    100
   -46     66
   -66     76
   -75     88
   -69     85
  -113    130
   -98    101
  -128    144
   -15     29
   -46     54
   -55     50
   -57     53
   -60     63
   -73     67
  -165    146
   -21     25
   -35     40
   -49     65
   -63     54
   -51     36
   -56     46
   -49     42
   -71     54
   -70     61
   -62     51
   -68     48
   -82     59
   -78     57
   -89     56
   -69     47
   -54     35
   -67     47
   -84     59
   -95     58
   -68     38
   -66     34
   -68     39
   -53     35
   -94     50
   -60     30
   -85     40
   -73     40
   -95     43
   -85     39
  -103     43
   -72     32
   -90     35
   -87     37
   -80     34
   -90     35
  -110     39
  -100     32
   -90     27
   -95     33
  -103     35
  -118     33
  -101     20
   -77     22
  -119     30
  -114     27
  -119     25
  -115     22
  -100     18
  -102     18
  -119     19
  -110     14
  -107     13
  -126     13
  -125     15
  -131     12
  -120     -1
  -110      2
  -124     24
  -136      4
  -123      8
  -131     -5
  -141      0
  -125      1
  -145     -4
  -144    -12
  -144    -11
  -140     -8
  -153    -10
  -123    -12
  -168    -18
  -150    -19
  -155    -18
  -167    -14
  -175    -18
  -172    -28
  -169    -34
  -183    -38
  -192    -45
  -189    -43
  -207    -48
  -206    -42
  -173    -32
  -215    -60
  -140    -42
  -156    -42
  -213    -58
  -282    -92
  -101    -37
  -178    -60
  -224    -69
  -239    -90
  -258    -96
  -276   -116
  -312   -128
  -427   -185
    63     26
  -195    -83
  -283   -125
  -301   -152
  -388   -199
  -478   -256
  -877   -478
   969    559
    10     16
  -150    -89
  -323   -190
  -604   -361
   760    497
    -9     -6
  -121    -83
  -159   -118
  -218   -160
  -240   -194
  -288   -218
  -310   -222
  -398   -294
  -477   -368
  -569   -475
  -727   -632
 -1008   -881
 -2038  -1782
  4609   4291
   682    658
   169    150
  -143   -125
  -352   -383
  -733   -761
 -1663  -1756
  3543   3979
  2329   2658
  2687   3131
   821    970
   443    542
   192    238
  -173   -204
  1001   1322
  2764   3713
   784   1051
   532    732
   404    587
   348    505
   285    428
   229    365
   208    339
   131    199
   616   1069
   169    318
   572   1030
   226    418
   188    357
   159    325
   144    306
   134    276
   147    278
   119    260
   107    247
    99    225
    75    179
   244    638
   102    265
    93    233
    76    212
   156    483
    70    223
    64    208
    62    197
    71    227
    55    199
    54    197
    47    184
    61    246
    49    188
    46    197
    29    177
    39    192
    40    190
    28    172
    19    175
    22    182
    11    161
    14    155
     3    143
     7    178
    14    173
    20    144
    -6    148
    -4    160
    17    180
  -125  -3489
    -7    126
   -25    105
   -45     99
     1    144
    -2    108
   -14    129
   -10    103
   -20    129
   -16    111
   -13     80
   -17    109
   -23    119
   -22    119
   -32    140
   -32    110
   -27    113
   -21    111
   -21    120
   -34    126
   -22     99
   -27    119
   -27    102
   -31    121
   -33     99
   -29    110
   -41    119
   -33     94
   -41    112
   -41    102
   -42    101
   -43     91
   -41     80
   -37     92
   -49    108
   -47     90
   -51     97
   -56    123
   -43     89
   -58    110
   -55    103
   -51     88
   -60    105
   -57     93
   -47     73
   -54     94
   -63     97
   -54     85
   -68    101
   -54     75
   -45     69
   -62     81
   -62     87
   -98    136
   -50     73
   -68     85
   -84     94
   -65     78
   -74     95
   -90    104
  -129    138
   -48     50
   -80     86
  -158    162
   -48     38
   -62     71
   -63     59
   -76     70
   -89     96
  -148    140
  -114    105
  -115     96
   -35     24
   -44     39
   -78     65
   -71     49
   -55     41
   -91     70
  -121     91
   -82     58
  -132     92
   -27     27
   -96     71
   -70     48
   -85     52
   -63     37
   -72     47
   -68     46
   -88     52
   -66     41
   -83     47
   -79     44
  -101     56
  -100     49
   -92     45
   -77     37
  -128     51
  -104     37
   -98     37
   -79     24
   -83     33
   -83     32
   -85     25
   -79     25
  -105     37
   -94     29
   -92     29
  -100     32
  -108     34
   -99     23
   -98     26
  -123     26
  -115     30
  -119     20
  -108     20
  -117     18
  -123     22
  -113     13
  -131     12
  -117     10
  -115      9
  -125     18
  -141     18
  -117     21
  -139     14
  -149     11
  -116      6
  -170      2
  -131     -9
  -117      2
  -167     -5
  -129     -7
  -125     -6
  -158     -8
  -162    -11
  -162    -15
  -184    -21
  -152    -17
  -165    -10
  -171    -17
  -191    -25
  -182    -27
  -182    -32
  -202    -36
  -187    -37
  -185    -37
  -225    -50
  -220    -48
  -196    -41
  -195    -41
  -235    -60
  -231    -65
  -245    -71
  -255    -78
  -255    -79
  -277    -94
  -287    -98
  -321   -116
  -402   -151
   -99    -37
  -263   -108
  -333   -142
  -475   -212
    49     26
  -221   -101
  -288   -139
  -317   -161
  -330   -164
  -399   -209
  -431   -230
  -460   -259
  -555   -315
  -695   -401
 -1084   -654
   127     85
 -1252   -791
  1786   1205
  -298   -195
  1283    919
   144    101
  -110    -87
  -294   -218
  -478   -373
  -730   -555
 -1464  -1168
   805    720
  1736   1519
  3046   2702
   799    726
   358    326
    92     98
  -200   -180
  -824   -812
  3006   3105
   511    529
  -206   -222
  2733   3046
   764    848
   462    529
   339    404
   239    284
   136    151
   -88   -123
  1555   2055
   453    597
   299    406
   219    309
   160    248
    94    148
     1    -17
   814   1283
   188    302
    55     82
   561    961
   626   1119
   158    294
   470    888
   514    995
   207    393
   145    284
   373    766
   182    369
   140    297
   131    301
   120    273
   110    269
   102    251
    93    240
    83    235
    75    208
    73    223
   103    313
    95    325
    60    213
    76    289
    72    250
    50    186
    57    217
    46    204
    33    196
    41    180
    39    184
    38    184
    35    156
    23    194
    13    145
    23    168
    23    168
    23    161
     5    148
    11    176
    13    173
    13    174
    -1    145
    -4    166
    24    192
  -123  -7806
   -12    116
   -27     96
   -45    125
    -9    129
    -1    137
   -13    129
     0    101
   -20    163
   -14    125
   -18    131
   -22    135
   -29    143
   -33    142
   -31    121
   -39    135
   -24    134
   -30    115
   -23    144
   -29    124
   -23    122
   -27    132
   -31    119
   -29    115
   -43    134
   -42    126
   -38    119
   -45    113
   -41    127
   -42    108
   -45    113
   -41    117
   -56    106
   -68    152
   -43     90
   -47     91
   -48    119
   -87    177
   -59    113
   -54     90
   -90    174
   -81    168
   -49     92
  -114    187
   -46     78
   -72    123
  -209    336
   -50     64
  -129    170
   -20     24
   -30     41
   -25     34
   -41     67
   -49     68
   -56     76
   -58     71
   -62     78
   -60     74
   -63     74
   -66     74
   -69     70
   -53     62
   -67     63
   -70     65
   -69     58
   -59     59
   -73     66
   -75     67
   -58     58
   -60     58
   -95     85
   -94     77
   -85     70
   -90     69
   -91     68
   -69     52
   -76     54
   -88     65
  -112     72
   -81     53
  -103     77
  -118     71
  -220    147
   -52     33
   -91     54
  -158     97
   -59     35
   -94     52
   -46     31
   -73     45
   -76     45
   -69     43
  -121     59
   -69     39
   -64     34
   -92     52
  -104     44
  -125     47
   -83     38
  -118     46
   -99     38
   -90     40
   -95     35
  -115     41
  -112     36
  -100     25
   -94     29
   -89     30
  -120     34
  -101     24
  -111     28
  -101     25
  -122     25
  -113     25
  -101     26
  -112     19
  -137     25
  -126     19
  -127     15
  -151     22
  -118     16
  -140     18
  -121     20
  -160     10
  -147     10
  -148      7
  -150     -2
  -142      3
  -159    -10
  -190      0
  -159     -8
  -171    -13
  -169     -5
  -151     -3
  -187    -13
  -192    -15
  -182    -21
  -200    -13
  -188    -21
  -218    -27
  -239    -33
  -241    -40
  -263    -45
  -249    -47
  -238    -50
  -222    -45
  -179    -50
  -121    -30
  -221    -52
  -231    -50
  -249    -63
  -281    -67
  -321    -78
  -340   -102
  -418   -129
  -595   -197
    11     15
  -338   -114
  -649   -233
   297    125
  -220    -86
  -342   -144
  -531   -230
  -951   -427
   732    353
  -195    -97
  -379   -187
  -682   -340
 -1410   -742
  1235    702
  -929   -518
  2176   1275
   184    112
  -966   -589
  3263   2048
   946    610
   593    398
   438    296
   318    235
   267    192
   221    161
   169    140
   156    114
   106     93
   106     98
    62     52
    51     60
    56     52
    29     24
     7     16
    -7      5
   -22    -23
   -29    -34
   -31    -31
   -41    -70
   -53    -55
   -84    -94
   -96   -108
   -97   -113
  -134   -143
  -157   -176
  -180   -213
  -235   -274
  -231   -320
  -324   -420
  -390   -527
  -538   -756
  -971  -1381
  2045   3107
  -654   -977
  4246   6783
   578    933
    51     80
  1684   2889
   131    253
  1308   2396
  1486   2749
   399    759
   212    393
   981   2037
   307    623
   237    491
   146    314
   604   1406
   232    512
   163    417
   173    394
   124    326
   119    338
   104    308
    77    239
   191    605
    80    280
   158    521
    84    285
    71    268
    66    256
    59    242
    49    252
    49    221
    58    203
    39    211
    53    250
    46    199
    33    191
    34    225
    27    219
    23    182
    30    180
    10    220
     5    186
    10    172
    23    176
    14    175
     4    178
    26    223
  -122  -3490
     0     96
   -17    119
   -31    105
   -11    132
     0    113
   -15    132
   -13     93
   -16    120
   -16    130
   -21     98
   -30    108
   -24    104
   -16    131
   -29    141
   -29    108
   -31    127
   -20    125
   -27    114
   -34    111
   -33    120
   -25     88
   -32    113
   -24     91
   -36    105
   -27     98
   -28     99
   -32    102
   -42    110
   -31     95
   -45    110
   -38    111
   -49    100
   -43    103
   -54    112
   -58    101
   -39     81
   -37     76
   -53     90
   -46     94
   -41     84
   -41     84
   -44     95
   -56     97
   -89    138
   -46     83
   -48     82
   -69    101
   -63     84
   -76    101
   -62     89
  -143    196
   -82     98
   -50     63
   -48     60
   -49     82
   -40     55
   -72     95
   -56     64
   -67     79
   -82     99
  -154    161
   -52     66
   -69     74
   -66     66
   -84     90
  -157    149
   -48     52
   -64     65
   -74     75
   -84     83
   -87     71
  -109     89
  -192    158
   -83     68
   -41     31
   -64     48
   -66     59
  -119     89
   -46     37
   -74     52
  -111     78
   -60     49
   -51     36
   -69     52
   -75     48
   -75     44
   -92     55
   -62     39
  -103     56
   -71     42
   -91     45
   -78     38
  -101     49
   -69     36
   -88     35
   -95     38
  -100     42
   -83     33
   -85     34
   -89     35
   -99     38
   -85     32
   -86     32
  -104     37
   -89     32
  -109     30
  -102     27
  -109     32
  -122     27
  -115     31
  -108     30
  -123     24
  -125     24
  -122     25
  -115     14
  -104     16
  -141     14
  -113     11
  -110     23
  -134     19
  -100     13
  -126     12
  -136      4
  -135     10
  -121      4
  -154      8
  -128      5
  -150     -6
  -152      4
  -151      1
  -143     -9
  -165    -12
  -174    -13
  -145     -8
  -169    -15
  -176    -18
  -158    -16
  -149    -14
  -180    -20
  -208    -28
  -206    -23
  -181    -31
  -191    -32
  -193    -37
  -190    -39
  -213    -46
  -220    -53
  -255    -62
  -187    -46
  -220    -57
  -264    -69
  -130    -33
  -213    -64
  -226    -73
  -246    -86
  -252    -88
  -267    -89
  -289   -102
  -304   -119
  -305   -132
  -325   -145
  -308   -144
  -338   -149
  -411   -187
  -479   -226
  -647   -320
   134     86
  -273   -150
  -377   -204
  -436   -239
  -536   -307
  -727   -428
 -1126   -673
    42     46
   837    553
  -249   -154
  -892   -593
  1030    745
  -219   -128
  -660   -472
 -1492  -1097
   216    214
  4431   3536
  1002    821
   468    395
   210    174
   -11      5
  -266   -223
  -976   -879
  3218   3048
   657    646
   258    246
   -56    -38
  -619   -645
  3026   3268
   720    783
   440    485
   300    341
   189    239
   149    181
    14      4
  -107   -124
  -425   -531
   912   1256
  2844   3921
   693    985
   450    631
   318    470
   257    384
   196    315
    97    142
   813   1338
   295    498
   223    384
   184    315
   168    297
   159    314
   121    252
    97    195
    84    176
   295    621
   307    688
   122    289
   105    234
   216    520
   101    271
    85    206
   219    607
    95    268
    89    250
    78    232
    74    249
    67    244
    53    198
    50    211
    53    182
    58    211
    45    193
    44    188
    39    186
    37    192
    34    173
    37    186
    22    158
    19    176
    17    151
    20    175
    16    169
     8    149
    16    198
    14    152
    19    174
     3    158
    -4    194
    16    175
  -127  -4374
     5     97
   -12     88
   -41    136
   -12    150
     0    137
   -16    107
   -13    115
   -23    113
   -20     94
    -2    102
   -25    125
   -30    112
   -15    110
   -26    121
   -34    114
   -23    141
   -25    141
   -21    119
   -29     93
   -25    104
   -28    122
   -26     82
   -40    138
   -29    101
   -30    111
   -19     90
   -40    121
   -39    103
   -34     95
   -42    104
   -44    118
   -53    111
   -54    118
   -41     87
   -57    103
   -39     79
   -51    114
   -48     99
   -50    103
   -84    156
   -72    129
   -40     92
   -47     81
   -59    102
   -65     97
   -60     92
   -64     99
  -112    170
   -52     68
   -59     78
   -73     83
   -58     86
   -67    100
  -146    179
   -44     53
   -73     96
   -56     66
   -73     87
  -102    112
   -95     98
   -96    100
  -230    237
  -161    159
    -5    -16
   -39     45
   -19     47
   -64     63
   -43     49
   -62     67
   -80     71
   -60     66
  -153    135
   -32     42
   -78     66
   -66     50
   -64     54
   -87     68
   -81     64
   -95     67
   -64     44
   -83     59
   -81     63
   -99     59
  -155    100
   -52     34
   -86     56
  -108     62
   -71     43
  -100     57
   -92     57
   -88     49
  -122     68
   -93     40
   -78     32
   -88     42
   -92     36
   -86     38
   -86     38
   -97     41
  -106     40
   -95     32
   -96     35
  -103     34
   -99     33
  -115     38
   -86     28
  -119     27
  -102     27
  -103     31
  -129     31
  -109     20
  -133     25
  -100     16
  -111     18
  -122     20
  -104     16
  -117     12
  -138     15
  -126     13
  -108     21
  -123     19
  -160     16
  -117      5
  -136      5
  -147      7
  -133     14
  -151      5
  -151    -10
  -145      3
  -144      2
  -161     -2
  -178    -10
  -166    -17
  -170    -11
  -165    -11
  -191    -15
  -206    -28
  -158    -10
  -195    -23
  -194    -28
  -209    -28
  -232    -39
  -196    -38
  -203    -45
  -221    -43
  -247    -43
  -187    -41
  -245    -60
  -238    -56
  -334    -90
  -164    -42
  -307    -73
  -150    -45
  -227    -64
  -270    -89
  -291    -91
  -314   -115
  -346   -128
  -388   -146
  -405   -167
  -524   -224
  -765   -331
  -227    -99
   161     89
  -561   -264
   360    183
  -294   -159
  -710   -368
   510    289
  -370   -194
 -1167   -675
  2267   1374
   475    289
   186    104
    78     51
   -50    -22
  -100    -68
  -169   -128
  -245   -179
  -302   -226
  -413   -298
  -652   -499
 -1324  -1031
  2703   2214
   424    364
    71     73
   -84    -84
  -231   -196
  -366   -344
  -562   -529
  -931   -875
 -1957  -1916
  3063   3207
  4903   5235
  1270   1367
   721    791
   492    537
   350    405
   206    262
    31     47
  -306   -388
  2354   2998
   574    748
   344    454
   231    322
   135    194
   -59    -83
  1402   2096
   381    563
   277    385
   187    313
   137    220
    58    100
   -78   -132
  1224   2226
   831   1529
   300    581
   234    429
   174    379
   172    344
   145    316
   142    308
   132    290
   134    296
   100    260
   116    266
    97    239
    80    220
    83    218
    76    223
   119    398
    61    219
    73    240
    60    206
    53    203
    54    201
    53    223
    39    193
    47    202
    47    191
    40    216
    27    172
    40    204
    24    176
    17    170
    12    157
    14    173
    14    149
    15    175
    10    168
    15    187
    14    157
     1    181
    -7    178
    15    167
  -124  -3893
    -2    106
   -14     99
   -44    109
   -14    138
     7    124
   -12    138
   -13    130
   -16    119
   -11    122
   -16    123
   -28    130
   -32    143
   -31    116
   -29    124
   -29    106
   -28    129
   -16    109
   -33    137
   -32    115
   -33    117
   -21     94
   -32    108
   -23     97
   -26     90
   -38    130
   -28     87
   -28     84
   -35    112
   -44    115
   -44    104
   -52    118
   -48     93
   -38     84
   -43     96
   -42     80
   -59    122
   -37     88
   -46     98
   -52    104
   -40     76
   -47     99
   -52     82
   -61     99
   -47     81
   -61     99
   -64    103
  -100    149
   -62     80
   -66     95
  -151    209
   -46     47
   -50     62
   -53     79
   -53     82
   -53     78
   -62     78
   -74     87
   -88     96
  -161    184
   -32     31
   -45     47
   -50     63
   -68     72
   -67     70
   -73     79
   -81     80
   -92     89
   -94     86
  -166    153
   -52     52
   -72     65
  -102     83
  -177    146
  -174    135
    -6      6
   -41     28
   -58     43
   -62     53
   -79     52
   -61     42
   -77     56
   -83     61
   -84     55
  -103     67
   -84     47
   -68     40
   -73     45
   -81     43
   -58     32
   -76     43
   -77     39
   -71     36
   -82     43
   -75     39
   -86     38
   -87     40
   -99     47
  -108     41
   -78     26
   -89     36
  -105     50
   -89     39
  -102     38
   -94     30
   -91     29
   -95     33
   -96     28
   -97     31
   -95     23
  -130     33
  -110     21
   -93     21
  -137     24
  -120     24
  -121     18
  -127     19
  -119     13
  -111     30
  -108     27
  -126     16
  -111      4
  -142      8
  -126     17
  -138     13
  -141      9
  -135     10
  -137      3
  -136     -7
  -146     -4
  -132     -5
  -160     -3
  -150     -6
  -151     -8
  -150    -12
  -153     -8
  -182    -15
  -175    -22
  -166    -23
  -168    -30
  -176    -27
  -201    -36
  -179    -16
  -177    -30
  -216    -41
  -208    -41
  -173    -43
  -234    -51
  -225    -51
  -277    -68
  -172    -44
  -221    -57
  -316    -90
  -118    -34
  -210    -67
  -216    -70
  -271    -88
  -248    -93
  -268   -110
  -294   -116
  -292   -117
  -368   -148
  -567   -254
   194     92
  -181    -72
  -299   -122
  -326   -140
  -338   -166
  -374   -194
  -459   -245
  -560   -308
  -913   -539
   801    489
  -105    -57
  -290   -159
  -396   -255
  -496   -320
  -592   -393
  -733   -523
  -944   -669
 -1386  -1000
 -2819  -2095
  3705   2928
  3515   2820
   816    664
    84    103
  -876   -728
  3841   3420
  1010    905
   569    517
   376    355
   260    254
   183    166
    77     59
   -29    -22
  -260   -275
  -810   -874
  3330   3779
   702    830
   414    481
   244    293
   187    222
    96    133
   -14      2
  -171   -204
  -582   -791
  3090   4339
   561    804
   173    258
  1401   2184
   437    697
   322    521
   253    427
   238    395
   200    336
   173    295
   163    289
   138    256
   122    245
    73    143
   417    868
   150    331
    83    207
   304    720
   107    248
   265    649
   110    277
    98    242
    93    250
    85    232
   133    403
   132    396
    68    224
    61    201
    55    209
    70    280
    51    203
    61    243
    64    251
    50    225
    47    207
    31    182
    24    166
    35    164
    31    199
     7    167
    35    168
    30    183
    16    166
     9    166
     2    172
     6    159
    16    163
     1    143
     1    172
    17    191
  -124  -2714
     0    126
   -16     82
   -29    106
    -1    123
    -1    130
   -14    108
   -11     91
   -12    106
    -8    131
   -16    114
   -29    132
   -31    101
   -15    106
   -35    132
   -28     84
   -23    103
   -20    120
   -20     86
   -22     97
   -23    113
   -15    111
   -37    123
   -31    104
   -36     95
   -34    110
   -29     99
   -38    103
   -37    102
   -26     84
   -38    108
   -45    112
   -53    115
   -38     85
   -43     98
   -46     98
   -54    107
   -43     91
   -47     91
   -54    101
   -43     85
   -59    122
   -52     84
   -49     90
   -71    115
   -54     81
   -65     92
   -69     87
   -72     91
   -38     59
   -61     84
   -57     72
   -75     92
   -62     76
   -70     86
   -92    117
   -58     67
   -64     72
   -52     66
   -75     76
   -80     91
  -114    129
   -60     63
  -118    122
   -38     36
   -47     67
   -86     86
  -144    149
  -109     99
   -38     37
   -99     89
   -35     35
   -45     37
   -56     55
   -61     57
   -53     44
   -59     45
   -67     52
   -52     37
   -59     39
   -70     50
   -83     57
   -83     53
   -66     39
   -74     50
   -72     54
   -83     55
   -55     40
   -70     41
   -73     41
   -83     49
   -88     41
   -74     43
   -92     50
   -80     44
   -91     46
  -104     50
   -83     38
  -100     43
   -98     44
   -94     39
  -105     45
  -101     37
   -89     28
   -99     33
  -109     34
  -100     28
   -97     30
  -111     33
  -113     30
  -102     23
  -107     19
  -109     22
  -111     18
  -106     13
  -106     15
  -101     24
  -100     22
  -128     16
  -113     10
  -120      9
  -128     10
  -110     18
  -130      5
  -107      8
  -119     22
  -137      8
  -143      5
  -132    -10
  -130      6
  -124      2
  -123     -2
  -153     -9
  -149     -4
  -162    -10
  -157    -11
  -156    -16
  -160    -17
  -168    -12
  -169    -16
  -187    -31
  -181    -28
  -181    -36
  -184    -38
  -183    -39
  -184    -34
  -198    -38
  -204    -49
  -225    -51
  -215    -51
  -211    -59
  -239    -72
  -242    -75
  -260    -86
  -345   -109
  -138    -49
  -241    -80
  -328   -114
  -458   -176
  -297   -112
   367    157
   -60    -19
  -145    -62
  -166    -70
  -206    -93
  -261   -115
  -261   -139
  -296   -155
  -381   -201
  -639   -338
   514    290
   -65    -34
  -159    -85
  -224   -135
  -235   -144
  -295   -179
  -312   -199
  -358   -239
  -401   -278
  -455   -324
  -477   -350
  -566   -420
  -620   -476
  -776   -613
 -1002   -797
 -1758  -1474
  1556   1358
 -1263  -1082
  1736   1609
  3438   3199
   634    587
   -20     -6
  -906   -896
  3317   3441
    22     30
  3476   3759
   955   1047
   624    669
   383    433
   211    269
  -115   -131
  2084   2639
   601    765
   403    520
   281    393
   243    314
   144    215
    -9    -29
  1140   1718
   327    477
   193    315
    80    133
   798   1324
   258    430
   127    229
   633   1156
   232    427
   191    355
   177    337
   148    309
   132    275
   122    248
   104    240
    73    170
   238    558
   113    256
    92    225
    90    220
    70    183
   189    539
   133    391
    79    258
    67    231
    91    294
    66    234
    59    218
    49    197
    51    196
    38    177
    47    209
    45    174
    35    182
    36    189
    46    177
    25    150
    28    178
    22    178
    17    178
    16    169
     6    164
     6    174
    16    173
    15    160
    -9    150
    -5    166
    17    207
