5668 -4514
3 7
112 256
-373 -294
296 350
-10 6
2 -5
-6 2
0 2
-5 9
4 0
-6 -7
-463 -240
-3 -18
0 -5
823 383
-2 -12
2 1
-10 -10
1 -5
-119 -191
4 -11
-2 10
-3 -1
6 3
5 9
1 -5
8 1
-4 0
-4 10
4 3
214 -27
-1 0
-5 11
-5 -11
7 -3
6 -4
2 3
1 -3
-1 -14
8 -6
11 0
4 14
1 8
-5 -10
0 -6
1 2
6 -1
-3 -1
6 -5
-4 4
1 -10
8 0
0 -13
4 1
-3 -9
2 16
10 10
3 18
-6 2
-1 -3
-13 -14
-10 -5
-8 -1
-9 5
-2 -7
-4 -1
0 3
-2 -2
-4 -4
6 5
-4 -7
2 -2
6 4
3 -1
3 -1
4 6
1 8
1 0
-8 -2
7 0
6 5
2 -2
0 4
0 -4
-7 3
7 -8
-6 -6
2 -2
5 5
10 0
0 6
-7 -4
0 -4
0 -3
6 0
0 6
8 -10
-1 0
5 0
0 5
-10 -2
-4 -4
6 2
11 4
-2 -2
-5 -8
-4 -4
-2 -5
6 -8
0 2
-10 2
-3 1
-3 -6
-3 0
11 1
-2 -2
3 -5
0 1
5 0
1 2
-9 4
3 -2
2 5
2 -7
-5 -7
7 12
0 0
-2 -2
3 5
0 2
-3 0
-3 -7
5 5
0 2
1 5
-3 0
-7 0
-12 5
-4 0
0 0
13 -9
-5 6
8 6
3 -1
-5 -6
1 6
3 -2
-7 0
6 4
9 7
3 0
1 -1
-4 1
3 3
-5 0
13 -5
2 -9
-11 4
4 1
-2 5
-2 -11
-4 -2
7 0
3 6
13 0
9 0
9 4
11 1
2 4
-3 4
0 0
-10 -8
9 1
2 4
5 0
-1 -1
1 1
4 9
0 5
8 2
1 5
-11 7
-4 1
1 -4
3 9
-6 -1
12 0
-2 -2
1 0
3 8
7 0
-5 -5
5 -3
11 3
4 2
1 -6
4 1
4 1
-2 1
-1 -5
1 7
12 1
17 7
6 -2
-9 -4
10 4
9 4
-3 -6
-4 7
-1 -3
12 -3
-3 -7
-4 -8
7 -3
0 0
-2 2
11 -2
-1 5
10 0
-4 5
2 -5
6 -1
6 -3
7 0
-3164 -613
16 0
-1 -2
-1 12
-6 1
-5 -2
2 10
-11 6
15 3
-11 -6
0 -2
1708 -2975
2 -4
3 3
0 3
12 -2
-12581 5712
19 5
1 11
7012 -3911
13 -4
2 2
-4 3
3 0
-4 2
-9 3
0 -10
-4403 5574
5564 -4620
-1837 3822
5 -10
