  5468  -4443
    -7     -2
   108    207
  -408   -289
   283    304
   -42     -1
     5    -12
   -28      1
   -12    -14
    -6      3
     1    -17
   -21    -12
  -454   -250
   -13    -30
    -6     -4
   803    369
     1    -33
    20     17
   -10     -8
    -2    -13
  -139   -211
    -7    -12
     0      9
    -7     -4
    -1     -7
    10      8
     5    -13
     3     -3
   -16     10
   -12      5
     7      5
   211    -34
     1    -17
    -6     24
    -4    -13
     5     -5
     5    -14
    -3     -4
     5    -12
    -1    -20
    15     -4
    13     -1
    -4     11
    -1      5
    -5    -20
    -1     -9
     0     10
     6     -3
    -3    -12
   -16     33
    -5     -1
    -3    -10
    11    -13
    -1    -18
     4      2
    -2    -13
     4      8
    13     18
     5     22
   -11      0
   -17      9
     1    -27
   -11      0
    -8     -5
    -8    -12
    -4      0
    -5     -5
    -1      4
     5     -7
    -8     -5
     6      4
    -6    -10
     4     -2
     6      7
     5     -7
     1     -5
    10      7
     1      8
     0     -1
    -7     -9
     9     -4
     4     15
     5     -5
     2      4
     2    -14
    -9     -1
     9     -3
    -6    -12
     0     -6
     9      2
    16     -2
     3      4
   -19     -4
     0     -6
    -7     -5
    13     -3
     8      1
    -2     -1
    -2      5
     5      0
     4      5
   -13     -5
    -4     -7
     8      4
    15      4
     1     -2
    -7    -12
    -4     -6
     7    -17
     5     -9
    -4      1
   -13      4
     1     -4
   -24      5
    -1      3
    12      1
    12    -11
     5    -12
     0     -2
     7      0
     3      2
    -7      6
     6     -4
     3      5
   -16     -8
    17    -11
     2     19
    -3      0
    20    -17
    -3     14
     4      3
    -8     -3
     1     -8
     6      5
     5      4
     2      3
     2     -2
    -6      3
   -11      7
    -3     -4
     4      2
    13    -10
    -8      6
    11      9
     9     -3
   -10     -3
     4      6
     4     -7
     1     -3
     7      2
     8      5
     7      2
     7     -3
    -6      8
     7      5
    -3     -1
     6     -8
     2    -11
   -15      3
     7      0
     7      3
   -12    -10
    -4      3
     9     -1
    11     10
    11      0
     9      2
    13      4
    13      0
     1      3
     0      5
     3     -3
    -5     -8
    15     -3
     4      2
    10     -1
     7     -2
   -40    -21
     7     15
     3     10
    19      5
     5      2
    -8      8
     0      1
     8     -2
    -1     16
    -5      0
    13      2
   -15    -15
    13     13
    -1      8
    10      1
    12      4
   -10      0
    13      7
     5      4
     7     -1
     8     -3
     4      4
     0      6
    -2     -2
    -6     11
    17      1
    23      9
    12      5
    -5     -8
    10      3
     9      7
     5      0
   -34      7
     5     -1
    16      0
    20     -4
     1    -13
     7      1
     6      2
     2      8
    -1     -2
     0     14
     9      4
    -3     -6
    14     -8
    -1     -7
     9     -3
    28      9
 -3140   -633
    18      9
     1      2
    12     31
    -7      5
    -6      9
     4     12
    -3     20
   -11     16
    -1      4
     2      0
  1663  -2927
     1    -19
    -4     -1
     5      8
    19     18
-12412   5531
    27     31
     8     15
  6914  -3813
    47     28
   -12    -12
     3      8
    -7      0
    39     48
   -34     18
    15      5
 -4288   5534
  5485  -4515
 -1758   3833
    25     28
