-5 -5
68 -9
43 -82
46 3
-60 -38
101 29
22 -111
-37 72
-17 5
119 74
71 -72
10 84
-38 -90
64 -38
6 -111
-39 6
45 -13
-46 81
42 51
-40 -53
75 -18
44 -83
0 -35
57 -70
99 -63
57 -24
74 -46
41 -94
20 73
-44 -53
-91 70
20 -3
37 26
-46 -40
-26 6
32 -90
17 63
103 -76
-31 -64
91 33
74 57
92 -25
31 -24
103 -4
-59 36
24 -126
-115 -75
27 20
32 -38
25 124
95 12
-46 3
49 -75
17 -52
12 -40
-7 -76
22 -110
30 3
51 -79
-48 -70
92 27
-13 2
10 103
31 -17
7 26
18 -61
-14 -56
62 -44
-42 34
124 -25
-14 -103
37 88
12 57
122 9
33 -61
74 63
-73 -30
69 -90
-56 -126
-3 35
42 -22
-12 108
70 39
-43 -23
63 -49
28 -74
3 -40
25 -80
64 -98
42 -22
63 -71
-2 -97
57 64
-31 -17
-43 100
28 0
50 2
-69 26
5 47
-15 -88
66 30
67 -90
-16 -35
89 -34
111 0
67 -26
59 -17
82 -66
-18 68
-27 -105
-124 8
28 -2
3 -37
76 120
101 -35
-36 48
15 -100
32 -27
25 -64
-38 -45
-26 -96
53 37
45 -93
-71 -2
93 -39
11 15
60 65
12 -28
-3 12
49 -42
10 -77
59 -17
-59 0
118 5
3 -112
-1 90
-9 34
127 40
49 -72
44 82
-61 -65
73 -61
-21 -127
-24 26
43 -17
-29 97
57 46
-43 -37
69 -36
36 -79
3 -39
41 -76
83 -84
51 -25
71 -61
19 -98
38 71
-39 -32
-68 88
22 0
47 14
-65 -8
-13 32
7 -95
46 52
84 -87
-26 -46
96 -3
98 32
77 -28
44 -15
97 -39
-39 57
-4 -122
-127 -33
31 6
19 -42
49 127
103 -9
-45 24
35 -89
20 -37
20 -48
-24 -65
-1 -108
36 22
49 -84
-65 -41
99 -4
-2 10
37 90
24 -26
23 31
-16 -60
-27 -25
52 -71
-15 57
118 -54
-27 -85
71 66
42 66
108 -13
26 -42
95 32
-71 5
52 -114
-90 -108
15 32
39 -29
4 117
84 28
-45 -11
57 -61
21 -65
6 -39
9 -80
44 -106
33 -13
56 -76
-25 -88
77 50
-22 -6
-17 106
32 -7
48 -7
-61 58
25 52
-31 -72
75 4
54 -87
-6 -33
74 -57
110 -34
62 -24
71 -29
62 -84
1 73
-41 -79
-111 43
23 -5
-11 -21
101 102
90 -58
-17 71
-11 -102
48 -26
22 -88
-44 -19
-47 -72
76 40
37 -103
-62 37
73 -67
29 14
72 29
0 -20
