0010 0
0018 -255
0025 97
0026 193
0040 6
0065 225
0070 -6
0098 -254
00C5 162
00D2 -18
00F5 -222
0165 228
01E4 120
01F5 -216
0245 176
0265 240
03A0 131
03E1 142
0430 253
0450 251
0451 246
0470 249
0471 242
0808 255
0835 -97
0836 -193
0875 -225
0888 254
08C2 18
08D5 -162
08E5 222
0975 -228
09E5 216
09F4 -120
0A55 -176
0A65 208
0BB0 -131
0BF1 -142
0C20 -253
0C40 -251
0C41 -246
0C60 -249
0C61 -242
1036 -189
1043 43
1053 -37
1055 -157
1062 31
1064 115
1072 -25
1074 -109
10C4 86
10D4 -74
10E3 62
1144 92
1155 -148
1163 68
1165 236
1175 -212
11E3 80
11E4 136
11E5 248
12E0 103
1340 197
1370 185
1826 189
1843 37
1845 157
1853 -43
1862 25
1864 109
1872 -31
1874 -115
18C4 74
18D4 -86
18F3 -62
1954 -92
1955 -172
1965 212
1973 -68
1975 -236
19E5 200
19F3 -80
19F4 -136
19F5 -248
1AF0 -103
1B41 -182
1B50 -197
1B51 -202
1B60 -185
1B71 -206
2060 12
2075 -219
20C5 170
20E5 234
2145 180
2165 244
21E4 152
22E0 167
22F1 146
2865 219
2870 -12
28F5 -234
2965 204
2975 -244
29F4 -152
2AF0 -167
3065 231
3073 -49
30E4 126
30E5 238
30F5 -210
3162 56
3165 252
3863 49
3875 -231
38F4 -126
38F5 -238
3972 -56
3975 -252
