0 -2478
-1 131
-3 139
-4 131
-6 124
-6 109
-9 128
-10 126
-12 130
-14 127
-15 127
-13 100
-19 128
-18 117
-22 129
-20 109
-23 115
-26 123
-25 112
-27 115
-25 101
-31 117
-29 106
-29 103
-30 102
-32 102
-34 103
-36 105
-35 98
-37 100
-41 107
-38 95
-42 102
-40 95
-39 90
-40 88
-46 99
-48 98
-42 85
-52 101
-45 85
-48 88
-59 105
-51 87
-50 84
-57 93
-59 93
-70 108
-64 95
-61 89
-54 77
-59 82
-58 79
-64 85
-63 80
-64 80
-72 88
-72 86
-103 119
-64 72
-68 75
-85 91
-180 189
-137 141
-31 31
-36 36
-52 49
-54 50
-58 53
-66 58
-65 56
-64 54
-74 61
-84 67
-102 80
-63 48
-119 88
-40 28
-64 45
-70 48
-69 46
-77 50
-78 49
-65 40
-78 47
-87 50
-71 40
-78 43
-80 43
-95 49
-98 49
-90 43
-89 42
-86 39
-86 38
-82 35
-90 37
-90 36
-87 33
-94 35
-99 35
-93 31
-105 34
-98 31
-85 25
-93 26
-110 30
-102 27
-102 25
-106 25
-102 22
-104 22
-111 22
-100 18
-104 18
-99 15
-105 15
-102 13
-114 14
-110 12
-124 12
-125 10
-129 9
-137 8
-121 5
-120 4
-127 3
-114 1
-140 0
-135 -1
-132 -3
-142 -5
-145 -7
-145 -8
-146 -10
-144 -12
-145 -14
-155 -17
-156 -19
-142 -19
-152 -22
-162 -26
-175 -30
-166 -30
-182 -36
-198 -41
-194 -43
-164 -39
-199 -49
-216 -57
-245 -68
-185 -53
-122 -37
-197 -62
-260 -86
-100 -34
-178 -63
-201 -74
-216 -83
-225 -90
-241 -100
-261 -112
-274 -121
-315 -144
-456 -215
129 63
-161 -81
-219 -113
-251 -134
-277 -152
-295 -167
-323 -188
-353 -211
-391 -241
-431 -272
-476 -309
-544 -363
-665 -456
-870 -612
-1668 -1206
2288 1697
-317 -241
1673 1305
269 215
8 6
-122 -102
-231 -199
-340 -301
-458 -415
-616 -572
-844 -803
-1287 -1256
-2613 -2613
3872 3968
6225 6539
1471 1584
730 805
122 138
2452 2842
770 915
536 653
406 508
314 402
240 316
169 228
89 123
-100 -142
823 1200
955 1430
1082 1664
377 596
278 451
214 357
138 237
606 1069
231 420
183 344
152 293
113 224
363 744
151 321
129 282
109 246
80 188
326 788
122 305
103 269
92 250
84 236
78 228
73 221
67 212
63 209
55 192
51 184
77 293
60 242
47 199
43 193
39 186
40 201
35 193
29 168
26 163
25 172
23 172
19 154
17 153
14 151
13 159
11 152
9 146
6 139
4 126
3 137
1 143
