        -26     -184353
      -1693       34405
      -3228       32852
      -4669       31429
      -5990       30144
      -7290       29101
      -8470       27916
      -9661       27000
     -11001       26551
     -12530       26493
     -14304       26761
     -14656       24456
     -17129       25639
     -17360       23405
     -19319       23534
     -23561       25995
     -23772       23768
     -17345       15722
     -15792       12962
     -18309       13579
     -21134       14130
     -21932       13143
     -21401       11441
     -21033        9948
     -22858        9471
     -24239        8674
     -25698        7801
     -26747        6701
     -28135        5598
     -29676        4404
     -31299        3081
     -33071        1627
     -35082          11
     -37421       -1835
     -39940       -3930
     -43359       -6427
     -48448       -9632
     -52842      -13233
     -46116      -13986
     -59753      -21374
     -73675      -30511
    -107672      -50921
     -50274      -26867
      12748        7644
      17679       11815
     -65302      -48427
    -136065     -111652
     -32169      -29141
     280048      280078
     307703      339524
     161816      197180
     114537      154443
     141796      212210
      74116      123649
      97535      182481
      61415      129838
      36942       89169
      22733       63522
      16812       55417
      13943       55647
       9313       46808
       6430       43366
       3999       40593
       1881       38251
        -31     -273090
      -1770       35882
      -3385       34379
      -4907       33035
      -6328       31799
      -7742       30896
      -9024       29735
     -10710       29929
     -11803       28484
     -13670       28893
     -14005       26197
     -16812       28054
     -20168       30179
     -19729       26598
     -24570       29955
     -16362       18055
     -19922       19924
     -27285       24733
     -28399       23311
     -23512       17435
     -17590       11758
     -24211       14517
     -21739       11619
     -23253       10999
     -24919       10322
     -25461        9110
     -27062        8211
     -28973        7257
     -30782        6123
     -32702        4852
     -34742        3421
     -36998        1823
     -39547           4
     -42464       -2084
     -45915       -4519
     -50125       -7433
     -55546      -11043
     -63158      -15816
     -77220      -23419
     -84828      -30347
     -62265      -25788
     -76832      -36337
     -88527      -47309
      21784       13066
    -150284     -100401
      64043       47518
     246102      201977
     241610      218975
      44072       44074
     -36641      -40415
     246743      300677
     126712      170851
     169572      253782
      96039      160227
      39847       74541
      60703      128327
      35207       84990
      34979       97762
      17542       57829
      14633       58407
       9566       48067
       6684       45040
       4130       41891
       1950       39599
        -30     -380352
      -1841       37338
      -3516       35655
      -5065       34169
      -6568       33012
      -7992       31888
      -9537       31437
     -10658       29771
     -12196       29442
     -15495       32755
     -18997       35542
     -19440       32438
     -16522       24721
     -31822       42908
     -13363       16280
     -18151       20028
     -31236       31230
     -14126       12802
     -18878       15496
     -26190       19429
     -18990       12693
     -27377       16415
     -18923       10119
     -24068       11388
     -26330       10913
     -22122        7916
     -25308        7680
     -27325        6853
     -29261        5823
     -30941        4594
     -33047        3254
     -35272        1732
     -37846           2
     -40895       -2010
     -44476       -4383
     -50251       -7447
     -50912      -10126
     -61078      -15294
     -75937      -23029
    -120948      -43271
       5960        2478
     -20651       -9765
    -116233      -62122
     105940       63510
     -67566      -45137
     123902       91896
     -25347      -20792
    -115611     -104760
     307160      307168
      21478       23698
     -69778      -85016
     384654      518661
      46942       70257
     137267      229027
     149437      279569
      89938      190140
      36254       87495
      24740       69138
      24378       80364
      15389       61403
      11061       55581
       7177       48342
       4389       44490
       2050       41652
