   -73      0
   282   -392
    -8   -165
  -261    101
   131    -30
   228   -285
    88   -125
  -186    172
   -48    122
   -78    153
   110    133
  -508    121
  -483    -93
  -297    -39
   -93    -95
   -26    156
  -177    -48
   131     28
   175    127
   -10   -221
    97    119
    38    -35
    60    -50
   -70    -33
    27   -272
  -396   -420
   -45    229
   -93   -186
   248   -793
   142   -547
   219   -256
   -53    627
   148    204
   277    151
  -228    106
  -237    170
  -491    265
    76    402
   204   -148
  -398   -131
  -137    421
   418   -225
   -86    217
    -2     33
   157   -444
  -105   -310
   610    302
  -517   -121
  -908   -534
  -432   -582
  -205   -230
   261   -377
   612  -1393
  -251   -627
   126    -63
   105   -114
   308   -500
   948   -430
  -320    120
  -357   -276
 -1044   -840
  -378  -1499
   119    -41
  -300    996
    -5    382
    74     80
  -698    501
   -42    162
    58     25
   405    -86
  -958   -117
  -230    250
  -279     99
 -1188   -679
   279     22
   250    767
   171   1643
    54   1230
   430     86
  -642   -352
  -312   -143
  -116    177
   547    -21
  -159   -124
  -275     27
  -170    115
   -84   -118
  -159    118
  -205     18
  -625    759
   266   -110
  -126    -17
  -685    218
  -771    -98
  -680   -399
   301    159
   481   -207
    44   -160
   137    273
    98    301
    29    209
   224    -84
   -61     37
  -173    -76
   -29     67
  -265   -146
   164   -175
  -186     51
  -331     70
    87    -66
   271   -507
  -214    252
   -37    347
   -36    644
    26     69
  -114    -98
  -343   -112
  -120    176
   -32    127
   248   -209
     7   -163
    10   -250
    -8    164
   -23     20
    -7    -41
   -21    -20
    94     64
  -454    -64
  -105      0
  -456     62
    96    -65
   -23     21
    -7     42
   -26    -25
   -10   -163
     6    252
     8    164
   250    209
   -30   -125
  -118   -173
  -343    111
  -111     97
    27    -69
   -36   -646
   -37   -346
  -215   -252
   271    511
    88     63
  -331    -69
  -184    -49
   160    178
  -266    149
   -31    -66
  -176     82
   -65    -33
   225     86
    28   -207
    98   -301
   135   -270
    47    163
   482    208
   303   -157
  -682    402
  -771     98
  -685   -217
  -128     22
   266    112
  -626   -757
  -205    -15
  -158   -115
   -84    119
  -170   -111
  -275    -24
  -157    126
   546     20
  -117   -175
  -312    144
  -642    352
   431    -88
    53  -1231
   172  -1643
   253   -769
   278    -23
 -1189    678
  -278   -100
  -232   -246
  -956    120
   407     88
    58    -24
   -40   -159
  -695   -501
    74    -78
    -5   -382
  -296   -998
   122     37
  -374   1496
 -1042    839
  -355    272
  -320   -123
   950    430
   311    499
   104    113
   129     62
  -248    625
   615   1391
   262    372
  -200    230
  -428    578
  -906    533
  -516    119
   611   -305
  -103    306
   157    443
    -4    -31
   -88   -218
   415    226
  -139   -424
  -399    131
   204    150
    74   -399
  -491   -266
  -233   -170
  -230   -107
   277   -149
   149   -205
   -52   -626
   221    255
   146    547
   247    795
   -96    184
   -49   -233
  -399    420
    27    275
   -75     34
    62     59
    38     39
    97   -118
    -5    222
   177   -127
   132    -28
  -175     47
   -14   -158
   -80     97
  -280     34
  -473     92
  -498   -124
   116   -145
   -76   -159
   -41   -125
  -186   -170
    92    136
   229    292
   141     25
  -221   -102
    22    150
   324    378
