   166    288
   268    -16
  -713    -86
   184    333
    13    479
   260    253
   -19    160
   274   -331
  -218    116
    84    -29
  -138     39
  -351    100
  1090    -14
  -302   -145
  -209    307
    15   -115
   116    110
  -101   -318
   -31     13
   -23    111
   -29    248
    44     51
    13   -105
   166    176
    56     57
    35     28
  -197     -9
    89    110
   135    159
    15     13
  -521   -130
   177    236
   102    134
  -206   -549
   -55    318
    54    162
  -213     83
   -18    -39
   -44   -102
  -155   -264
   121    199
     4     -6
  -199     94
   -20    -33
  -158   -301
    -8    -23
     2    229
   238    465
    94    185
   193   -655
  -398    191
   141    314
   -85   -277
   -29    -73
    83   -687
  -334   -905
   139    376
    41    106
   276   -567
    72    244
   135    421
   -68   -253
   361  -1117
  -764  -2875
  -607    507
  -313    621
   170    141
  -230    -11
  -239    113
  -242      5
   221    218
   453   -138
   -10    330
    -9   -484
  -133   -170
   -71  -1386
  -156  -1746
   247    794
   -80    778
   277   -507
   -35   -789
    -3    508
   358   -144
   -20      8
    17     12
     0    157
   141    443
     3   -115
    10   -199
    23   -362
    76   -126
     2    -57
    41   -321
    27   -245
   519     26
    -3    -16
    17   -141
  -231    570
    38   -213
     7    -43
  -141   -199
   -37    176
    51     -1
   -12     65
    17    -63
    -8     28
  -276    -89
   -29     96
    40   -141
   -27     86
   231    -88
   -12     33
    20    -69
  -406    196
  -312     31
    55     26
  -112   -104
   -42    112
   -75     11
   -21     48
     6    -17
   -17     30
  -349    156
   -31     79
    29    -63
   -49     84
    76    -70
    -1      4
   174    398
    86    676
   165    454
  -174   -125
  -119   -445
  -300    -79
    71    102
  -140    605
   252    -82
   -76    129
    76    263
   447     90
  -908     36
   206    285
    47   -523
   113    375
    22    -26
   115    -62
   269    311
   -59     97
  -407    -94
  -134    137
    21    187
  -104     88
   -36     33
  -105     88
   267   -111
  -155    132
    55    -37
  -161    129
   165   -180
  -209    154
   -90     72
  -102   -227
   285    184
  -134    120
  -113   -753
  -376    245
   -18   -198
  -295    186
  -115     75
   -70     40
     1   -848
  -344    197
  -210    115
   144    -73
   -22   -217
  -298    149
   -62     33
  -405   -223
  -548   -319
  -441    268
   -31   -593
   613   -253
 -1397   -379
  -906    345
  -755    284
 -1177    408
  1212    399
    -2      4
    55    -19
  -324     89
   243   -369
  -498    137
  -157   -417
  -465   -505
  -874    -69
 -1520    247
  -231    221
  1166   -375
  2263   -116
  1513   -376
   248    236
   385    -84
   343    284
   127    480
  -130   -964
   -67    310
   514    598
  1043     99
   157    -15
  -111    108
  -384   -916
   258     92
   303    582
   174      3
   329    191
   179     11
   522     29
    95     10
  -466    -78
   108      7
   205     27
    63     15
   161    360
   831    106
   219     35
  -309      6
  -184   -145
   173     61
   -53    501
   163     30
   -61    313
   282     69
   113     29
    98     38
  -258    403
   249     80
   152     55
    87     30
   125    156
   304    109
   144     51
  -378   -130
  -154    249
   129     68
  -144     82
   134     50
   133    235
   233    104
    66     37
    41     28
   -11    360
   165     81
   121     89
    57     40
   100    -32
   275    126
